0 0 0 0 1 0 1 0 1 1 1 1 2 2 1 1 2 2 2 3 4 3 3 3 4 5 5 5 7 7 9 7 12 12 10 10 10 11 13 11 15 14 15 16 16 18 17 20 
0 0 0 0 1 1 1 1 1 2 2 2 3 3 3 4 4 5 5 6 6 8 8 8 9 11 10 12 12 14 14 16 18 19 21 22 22 27 26 28 28 33 30 32 34 38 37 40 
0 1 1 1 1 1 2 2 2 3 3 4 5 6 6 6 7 8 8 9 10 11 12 12 14 16 17 17 18 22 21 24 25 28 28 46 33 35 36 40 41 46 46 59 50 54 57 59 
0 0 1 1 1 2 2 2 3 3 4 5 5 6 7 7 8 9 11 11 12 13 14 15 17 18 21 21 22 24 26 27 32 32 36 36 38 39 43 44 47 51 52 57 58 65 68 67 
0 1 1 1 1 2 2 3 4 7 4 5 7 7 8 9 11 12 12 14 16 16 19 19 21 24 25 25 26 28 32 36 36 38 41 47 47 52 55 59 59 66 63 72 72 72 81 82 
0 1 1 1 2 2 2 3 4 4 5 6 6 8 8 10 12 12 14 14 17 17 19 21 22 24 26 27 29 31 34 37 41 43 46 50 50 55 56 58 64 69 71 70 77 86 86 88 
0 1 1 1 2 2 3 3 4 5 5 7 8 10 9 11 12 14 15 18 19 19 21 23 27 26 30 31 34 38 42 42 48 46 53 54 59 61 66 72 75 75 80 85 85 88 98 101 
1 1 1 2 2 3 3 3 5 6 6 8 8 10 10 12 13 15 17 19 18 20 22 26 26 29 32 35 34 41 41 43 47 53 56 58 63 64 71 73 75 79 85 91 96 96 106 106 
0 1 1 1 2 2 3 4 5 6 7 8 9 10 12 13 14 16 17 19 22 24 25 28 30 31 35 35 38 41 43 47 51 58 62 68 67 71 79 80 90 89 91 97 106 106 118 120 
1 1 1 2 2 3 4 5 5 6 7 9 10 12 13 15 16 18 21 22 23 28 29 33 33 38 42 40 45 47 51 58 59 62 66 79 80 81 88 89 101 103 114 113 118 126 136 136 
1 1 1 2 2 3 4 4 5 6 8 9 10 12 13 15 17 20 22 23 27 26 29 34 35 39 42 47 46 49 53 62 58 65 75 78 81 83 91 97 100 106 113 124 120 127 136 139 
1 1 1 2 2 3 4 5 6 8 9 10 12 13 16 17 19 22 25 27 29 29 34 36 40 41 46 48 56 59 59 65 72 73 80 89 94 99 121 113 114 128 119 130 137 149 154 162 
1 1 1 2 2 3 5 6 7 8 9 11 13 14 16 19 23 23 27 29 29 35 35 38 45 45 50 53 59 58 68 70 81 80 86 95 99 102 111 112 122 125 135 136 157 153 159 160 
1 1 1 2 2 4 5 6 6 8 9 11 12 14 17 18 23 25 26 30 30 34 36 39 45 46 54 56 59 63 68 77 83 86 91 93 103 105 123 120 127 131 132 142 150 156 171 177 
1 1 2 2 3 3 4 6 7 9 11 14 14 17 18 20 22 26 27 32 32 36 38 45 49 47 52 57 60 67 76 75 85 93 91 98 106 111 118 127 131 139 148 158 163 164 180 193 
1 1 2 2 3 4 5 6 8 8 11 12 15 18 18 21 23 28 30 32 35 41 42 44 51 55 60 59 67 74 77 88 89 94 115 109 120 123 134 140 148 161 163 174 187 189 196 202 
1 1 2 2 3 4 5 7 9 10 12 14 16 18 23 22 29 31 32 35 41 44 46 50 57 58 62 66 71 79 83 94 96 110 109 128 124 135 141 149 156 169 182 188 184 208 212 212 
1 1 2 2 3 6 6 7 9 11 13 14 15 18 21 23 27 30 33 39 43 43 50 50 56 64 65 71 80 78 83 91 102 108 112 120 133 139 138 155 169 174 174 177 192 209 221 228 
1 1 2 3 3 4 6 8 9 11 14 15 19 21 23 27 28 30 33 38 45 45 52 56 61 68 67 77 81 82 93 102 111 116 125 131 132 147 152 168 177 185 215 213 208 223 222 233 
1 2 2 3 3 5 6 7 10 11 13 15 17 22 24 28 30 35 39 41 43 48 55 57 62 72 73 83 86 87 94 99 111 120 131 136 142 156 166 172 174 196 201 203 222 233 241 249 
1 1 2 2 4 4 7 8 10 12 14 15 17 21 23 28 30 33 40 41 47 48 59 58 63 66 76 85 88 99 104 105 120 119 130 143 153 155 173 180 184 199 206 210 230 248 253 251 
1 1 2 3 4 5 7 8 10 13 16 16 19 24 27 29 33 36 49 51 48 53 59 67 63 74 79 86 94 99 108 115 120 132 148 150 155 178 174 193 191 198 216 221 234 279 265 290 
1 1 2 3 4 5 6 9 10 12 15 17 19 25 26 30 37 37 45 47 49 54 64 68 76 78 82 87 93 107 105 115 124 131 141 157 171 171 183 190 201 214 233 232 253 260 274 282 
1 1 2 3 4 5 7 8 11 12 14 18 20 25 29 34 36 39 42 52 51 62 65 72 77 76 89 94 96 106 117 124 138 155 157 169 173 186 195 199 221 224 238 267 270 277 280 303 
1 2 2 3 4 5 7 9 12 15 18 19 22 26 31 35 37 42 46 54 52 60 72 74 80 89 91 100 100 118 128 131 146 161 165 187 194 197 207 228 240 253 274 266 269 297 311 328 
1 1 2 3 4 6 8 10 11 15 17 21 24 27 30 37 38 41 51 51 58 64 68 74 80 87 95 105 109 120 126 137 146 163 171 179 191 208 224 220 242 248 271 286 294 306 312 373 
1 2 2 3 5 6 8 9 13 13 19 22 25 30 32 38 38 43 53 56 64 69 74 75 82 91 96 102 111 116 132 147 148 176 187 188 188 203 227 242 246 248 263 281 310 309 329 337 
1 2 2 3 5 7 9 10 12 16 17 23 27 29 32 38 43 45 50 57 64 68 75 79 96 97 103 106 115 129 133 142 157 176 190 176 208 215 230 234 249 267 284 300 310 330 338 342 
1 2 3 3 5 6 8 10 14 16 20 23 25 27 35 36 44 44 55 57 61 71 81 80 87 98 98 111 114 125 141 149 158 175 179 194 202 211 239 253 262 263 279 294 312 317 344 354 
2 1 3 3 5 6 8 10 13 16 21 23 28 31 34 39 43 46 53 56 63 67 75 83 92 105 106 114 127 133 137 145 168 179 187 190 212 222 239 248 257 269 276 307 310 337 349 356 
1 2 3 3 5 7 10 12 14 16 20 24 30 32 39 42 47 57 63 66 70 77 83 89 99 113 118 125 131 139 157 166 181 188 201 212 229 252 260 294 293 306 336 358 366 373 380 412 
1 1 2 4 6 7 10 12 14 17 21 24 28 35 37 45 51 58 58 68 73 81 86 99 103 137 118 132 143 151 163 174 181 195 206 219 246 254 262 274 310 303 329 338 356 369 381 418 
1 2 2 4 5 7 9 12 14 19 22 27 29 33 36 46 49 55 62 68 76 82 95 102 103 116 126 138 142 153 164 183 182 214 228 232 259 265 281 306 316 316 339 358 381 379 406 418 
1 2 2 4 5 7 9 11 15 18 21 25 33 37 39 49 50 57 67 71 77 84 92 95 110 115 122 135 139 148 170 177 188 208 224 246 245 266 291 295 324 318 342 364 404 396 406 437 
1 2 3 4 6 8 10 13 16 21 23 29 31 35 46 46 51 62 64 73 86 84 101 105 118 123 131 135 167 169 187 213 214 232 241 252 260 275 301 315 338 338 362 364 404 425 446 443 
1 2 3 4 5 8 10 13 16 19 22 28 32 41 41 50 53 62 65 79 93 99 95 111 117 128 133 150 154 162 180 190 211 226 230 262 282 288 312 324 360 360 392 387 414 447 445 477 
1 2 3 4 7 8 12 14 17 19 26 31 32 41 46 49 58 66 72 78 87 96 101 105 140 126 140 168 163 169 192 205 222 234 251 276 270 298 326 329 360 353 381 413 424 443 478 482 
1 2 3 4 6 10 11 14 17 22 26 33 39 44 44 56 59 65 75 76 90 91 104 112 128 127 145 160 173 166 190 211 219 230 261 276 290 307 309 345 362 376 411 417 430 459 478 493 
1 2 3 4 6 8 12 14 18 20 25 29 36 39 48 51 57 69 74 78 97 102 122 126 136 141 164 162 169 179 202 213 231 247 274 279 291 321 336 359 382 379 423 438 476 484 486 510 
1 2 3 4 6 9 11 16 20 24 27 29 41 49 48 56 62 71 77 89 104 107 114 116 132 133 155 156 185 184 210 222 245 255 265 294 303 337 354 369 378 408 414 430 454 500 493 511 
1 2 3 4 6 8 11 14 18 23 26 31 37 41 49 53 67 68 79 87 97 107 111 126 135 143 152 170 179 196 205 221 243 248 284 295 311 319 350 366 373 408 419 436 458 498 499 537 
1 2 3 5 6 8 11 15 18 22 27 31 37 44 52 56 67 68 76 91 97 106 114 122 134 150 163 177 188 191 214 229 247 259 279 287 308 326 342 362 399 402 467 453 484 520 533 531 
1 2 3 5 6 10 13 16 21 22 31 34 42 50 50 57 64 82 85 92 104 110 117 129 152 153 161 218 200 197 231 253 255 272 304 307 340 352 385 383 416 440 449 470 504 511 597 558 
1 2 3 5 7 9 12 17 19 23 28 34 39 43 55 62 66 74 88 89 106 118 118 136 144 158 162 172 203 205 218 240 262 287 298 314 324 354 385 404 412 455 456 489 502 536 546 569 
1 2 3 5 7 11 12 15 19 26 30 35 42 46 54 61 66 78 83 93 101 108 124 139 147 165 181 181 191 218 225 244 269 282 309 320 344 363 377 410 429 461 499 487 531 552 568 605 
2 2 3 5 7 10 12 15 21 26 30 38 41 44 52 64 67 80 93 93 106 117 125 130 147 162 162 181 189 217 239 247 259 295 303 315 346 375 380 395 433 428 481 481 520 526 573 605 
2 2 3 5 8 9 13 18 20 28 30 36 42 48 59 65 68 79 94 104 110 124 130 144 155 163 179 195 207 216 247 257 280 301 325 342 363 381 418 416 469 457 460 528 562 580 590 604 
1 2 3 5 7 10 14 17 21 27 33 39 45 53 63 69 75 84 93 103 117 130 140 146 181 190 196 213 222 241 250 275 294 295 342 353 394 410 418 473 486 535 564 565 590 602 639 657 
1 2 3 5 7 11 14 19 23 29 34 42 47 53 61 72 79 85 102 113 116 131 148 151 162 189 193 207 241 253 255 279 301 310 330 356 374 413 442 465 471 508 551 575 579 607 657 676 
1 2 4 5 8 10 14 17 22 27 35 42 48 53 63 67 82 83 94 112 118 124 142 161 160 190 198 229 228 250 261 272 293 320 349 357 395 396 441 491 507 515 531 648 594 602 626 688 
1 3 4 6 8 10 15 19 24 27 35 40 51 59 60 75 76 93 104 110 117 135 148 149 169 180 193 216 223 256 263 277 306 337 352 369 387 429 437 471 496 532 646 589 612 633 670 686 
1 2 4 5 8 10 14 20 25 28 37 38 47 56 68 67 78 88 98 118 118 137 146 158 171 197 208 215 238 251 269 292 317 348 361 372 415 435 462 475 499 524 568 575 638 633 665 712 
1 2 4 5 8 11 15 20 24 29 37 42 47 54 62 75 83 94 99 122 123 136 153 166 173 187 205 217 240 255 267 298 325 346 357 382 393 430 454 476 518 522 546 615 620 649 681 702 
2 2 4 6 8 11 15 20 24 29 38 41 52 55 66 75 86 94 109 117 128 140 146 171 182 191 202 226 257 257 289 305 334 354 384 406 418 441 468 495 533 546 588 615 640 681 733 735 
2 3 4 6 8 13 15 19 26 32 36 46 54 62 72 78 90 93 109 123 138 148 159 176 188 207 213 230 252 270 296 321 343 369 375 413 445 459 489 511 538 572 593 638 645 685 722 766 
2 3 4 6 8 13 16 21 25 33 36 47 51 57 69 77 94 99 105 120 132 141 151 170 191 200 217 246 262 276 303 310 346 358 401 427 460 461 491 514 556 590 609 638 664 707 725 757 
2 3 4 6 9 12 17 21 27 33 38 46 56 60 73 83 90 104 114 125 132 146 173 182 181 212 221 253 270 279 311 320 344 379 404 415 448 485 509 548 549 570 600 666 660 706 738 784 
2 3 4 6 9 11 17 20 25 33 39 46 54 63 69 83 92 101 117 128 135 149 168 176 194 217 228 235 259 274 300 326 365 361 400 426 457 481 518 533 562 595 617 639 666 733 758 788 
2 3 4 6 9 11 16 21 26 32 37 45 62 68 72 79 90 104 113 132 146 162 170 188 199 212 214 249 275 300 308 327 356 376 418 431 463 480 503 549 577 594 627 680 698 761 759 787 
2 3 4 6 9 12 16 21 27 34 38 48 53 63 70 87 90 105 119 126 139 155 166 185 211 232 237 243 272 299 316 336 365 383 419 429 483 510 542 547 602 616 660 695 708 760 785 776 
2 3 4 7 9 13 16 24 25 36 39 46 54 61 73 90 91 105 111 131 149 155 173 183 202 218 244 262 283 303 314 345 366 404 424 456 484 489 539 568 606 633 618 691 721 747 803 805 
2 3 4 7 10 14 17 21 29 36 43 51 60 66 79 88 101 111 126 136 149 166 176 186 198 232 243 261 299 300 338 363 367 400 412 469 483 520 509 575 600 609 680 734 755 731 809 803 
3 4 5 7 12 15 19 24 34 39 45 52 63 66 79 91 99 110 124 142 150 161 180 195 208 231 243 271 302 313 340 375 401 434 430 474 501 541 554 601 627 645 671 728 769 782 834 845
2 3 4 6 10 13 18 23 29 35 43 51 62 70 83 90 97 116 128 136 155 171 186 215 218 246 255 278 301 311 335 364 398 422 450 475 505 542 581 614 629 678 723 711 778 806 845 855
2 3 5 8 10 15 19 22 31 39 43 50 65 69 81 89 102 112 129 140 157 162 189 208 219 246 259 286 305 331 339 378 390 428 476 479 528 533 614 628 643 661 717 736 785 796 853 900
2 3 4 7 10 14 18 26 32 36 45 49 68 69 84 92 100 111 124 138 157 175 194 200 217 242 263 293 307 328 340 367 392 434 462 478 531 562 584 620 665 690 727 755 791 829 832 939
2 3 5 7 10 16 19 26 33 38 43 54 68 74 89 94 108 128 133 147 162 176 193 213 228 235 270 288 320 332 368 385 408 459 468 513 538 583 621 641 692 705 744 792 835 858 894 937
2 3 5 7 11 16 21 26 30 40 50 58 62 73 88 98 106 129 140 155 161 177 207 224 236 260 277 309 346 356 375 458 428 486 509 526 541 607 642 664 725 729 761 807 844 862 918 990
2 3 5 7 10 16 18 25 32 39 46 59 73 78 91 102 123 123 138 153 170 191 201 228 241 273 300 309 331 358 376 403 427 497 512 517 571 620 634 674 714 748 803 813 870 933 947 969
2 3 5 7 11 15 19 25 33 40 48 55 66 78 84 100 117 123 145 156 177 187 212 227 242 260 296 302 319 348 387 420 447 469 501 549 568 626 658 669 739 795 797 838 904 917 923 1034
2 4 5 7 12 17 21 25 33 39 52 62 67 84 97 101 122 157 144 169 188 212 217 240 252 274 284 316 339 367 411 436 434 474 527 549 571 603 656 702 719 771 765 831 894 924 961 964
2 3 5 8 12 15 21 28 32 39 50 62 67 79 94 105 124 132 143 160 183 192 214 226 244 271 285 328 338 360 384 440 441 481 530 554 583 593 664 719 748 762 816 864 865 922 980 1035
2 3 5 9 13 17 20 27 36 39 52 59 69 80 99 103 124 130 149 163 175 199 220 231 260 283 291 315 361 373 414 423 465 501 530 560 608 655 709 709 760 842 856 859 898 992 989 1013
2 3 6 7 13 17 21 27 33 47 49 57 71 80 103 103 114 139 148 170 194 195 208 251 270 282 304 329 336 376 411 449 482 504 530 583 619 662 700 714 769 829 829 877 923 972 1018 1068
2 4 6 8 11 17 20 29 36 41 52 64 74 86 95 113 122 133 156 164 182 199 230 240 261 288 309 320 369 400 422 437 475 528 553 595 612 664 728 726 768 790 839 911 926 980 1005 1063
2 4 5 8 11 17 24 29 35 41 52 65 70 84 92 111 123 137 144 173 193 216 227 249 263 287 304 338 349 387 428 470 494 540 543 583 610 661 720 740 767 835 860 911 925 1012 1035 1056
2 3 5 9 12 16 22 28 34 49 55 62 72 89 102 118 125 145 155 171 195 202 227 252 265 294 314 325 368 395 424 458 493 531 556 584 622 687 740 753 796 830 893 888 1073 978 1008 1133
2 4 5 8 12 18 22 28 35 44 53 63 75 86 100 117 131 139 155 172 207 221 233 252 287 291 313 342 373 388 439 488 503 536 587 600 653 668 722 775 827 836 889 933 955 1067 1053 1117
