0 0 0 0 1 1 1 1 1 1 1 2 5 4 3 3 5 5 5 7 7 8 8 13 10 12 12 15 23 23 20 19 34 39 23 24 29 28 31 33 41 43 43 52 45 50 54 63 
0 0 0 1 1 1 2 2 3 4 4 6 7 9 9 12 14 16 20 24 25 27 34 34 40 50 48 56 60 65 66 82 86 95 103 119 126 137 131 154 167 195 195 214 222 248 240 257 
0 1 1 1 2 2 3 5 6 8 9 13 21 20 21 25 32 36 39 49 57 63 64 76 92 91 108 113 132 139 154 194 188 207 212 264 275 302 297 348 371 402 487 518 463 427 461 636 
0 0 1 2 3 4 5 7 10 12 13 19 25 28 31 42 47 52 66 74 80 89 88 120 133 148 155 195 186 198 226 243 265 282 316 335 344 400 398 451 481 525 610 594 649 730 699 787 
0 1 1 2 3 5 6 10 15 18 18 25 34 39 39 62 72 83 87 90 112 132 142 155 186 220 217 247 276 269 307 339 379 411 482 456 510 528 671 644 688 767 818 848 884 877 911 1071 
0 1 1 2 4 5 6 11 16 18 23 31 35 46 51 65 76 91 89 102 120 132 155 180 200 226 248 274 288 302 323 411 392 487 525 537 622 632 635 786 735 849 853 951 976 949 973 1293 
0 1 1 3 4 6 7 12 18 22 24 36 39 46 50 69 83 103 108 137 144 143 176 207 229 254 316 294 323 365 400 447 462 518 562 543 666 705 776 826 943 933 1024 1090 1075 1103 1217 1418 
0 1 1 4 5 7 8 14 18 27 30 39 45 59 56 78 87 108 126 136 148 158 170 213 256 274 296 319 348 376 395 452 473 532 605 655 679 705 785 937 1007 973 1070 1184 1253 1164 1311 1435 
0 1 2 4 5 7 9 15 19 27 32 41 48 58 65 86 99 122 130 152 162 182 198 247 288 307 316 330 370 389 423 509 576 612 654 667 768 870 815 987 1093 1092 1162 1269 1284 1416 1413 1638 
0 1 2 4 6 9 12 19 24 28 32 47 57 62 73 97 112 123 157 168 175 191 227 276 304 334 354 393 422 460 513 569 563 658 679 779 798 873 987 1071 1211 1179 1481 1490 1267 1543 1490 1694 
0 1 2 4 6 9 10 18 23 30 36 48 53 62 69 95 115 125 151 156 204 212 235 268 322 336 385 433 445 472 505 618 624 664 693 803 849 877 1022 1172 1212 1217 1353 1433 1493 1607 1597 1721 
0 1 2 4 6 9 11 19 26 36 40 50 62 75 87 102 127 153 164 180 205 224 239 316 326 415 419 417 470 514 545 601 679 750 769 917 936 1226 1120 1166 1437 1418 1318 1485 1468 1734 1605 2052 
0 1 2 4 6 9 14 21 30 37 38 60 62 77 81 115 137 155 150 195 208 231 258 316 370 389 430 455 504 631 587 674 680 763 836 890 1021 1061 1025 1259 1340 1402 1500 1536 1687 1780 1781 1978 
0 1 3 5 7 10 14 21 30 35 44 60 66 76 88 111 145 151 161 180 212 239 242 314 340 386 456 440 510 563 550 662 792 792 818 987 950 1093 1125 1207 1258 1508 1575 1720 1718 1816 1765 2015 
0 2 3 5 8 9 15 24 27 38 46 62 74 83 99 128 144 176 177 204 234 244 276 336 403 416 446 479 519 568 582 689 739 792 915 1014 1037 1136 1117 1356 1445 1464 1589 1664 1887 1731 2004 2217 
0 1 3 6 9 13 15 23 31 37 46 58 69 82 100 126 147 178 200 229 236 270 275 460 430 460 520 546 510 530 675 707 800 869 959 1055 1112 1129 1223 1294 1581 1579 1667 1826 1911 1913 2040 2448 
0 2 3 6 9 12 15 27 32 38 53 65 75 95 103 133 174 204 190 240 270 279 297 370 413 457 502 572 592 665 675 837 881 849 996 1120 1167 1221 1314 1427 1573 1670 1809 1778 1861 1823 2133 2436 
0 2 3 5 8 13 16 28 37 39 54 67 78 94 103 129 157 183 212 247 252 300 305 361 447 495 537 533 565 620 668 751 900 867 1009 1120 1170 1260 1260 1483 1604 1746 1678 1756 1840 1950 2059 2612 
0 1 3 6 8 11 15 29 39 47 53 73 86 94 110 148 175 177 200 232 269 310 331 414 471 501 541 571 591 714 719 807 899 912 1000 1149 1173 1346 1321 1623 1697 1788 1793 1935 2064 2090 2061 2402 
0 2 3 7 10 14 16 29 39 41 55 66 77 109 117 141 168 198 217 246 277 305 316 393 450 501 563 558 615 696 717 832 941 976 1044 1127 1243 1363 1345 1519 1717 1778 1922 1764 1769 2077 2214 2593 
0 1 3 6 10 13 20 31 38 44 57 73 82 120 110 148 171 193 230 244 285 301 326 395 462 516 556 621 673 677 778 843 938 979 1070 1170 1210 1294 1501 1503 1621 1862 1757 1933 1940 2183 2031 2634 
0 2 3 6 10 15 18 29 37 54 57 78 93 106 110 156 185 214 255 271 284 355 343 416 443 521 553 656 677 728 772 852 956 939 1072 1162 1323 1346 1503 1658 1722 1944 1842 1866 2126 2281 2410 2551 
0 2 4 7 11 13 18 32 36 45 59 82 91 131 113 166 182 228 239 250 273 335 377 436 524 534 520 649 683 758 734 861 925 993 1043 1256 1395 1378 1421 1559 1779 1848 2103 1941 2164 2210 2317 2627 
0 2 4 7 11 14 18 31 42 47 56 83 94 111 130 149 188 220 246 288 321 340 352 457 478 591 609 596 672 763 812 1026 1013 1132 1220 1328 1273 1474 1527 1618 1920 1893 2047 1993 2129 2411 2521 2894 
0 2 3 6 10 14 18 32 44 53 59 81 98 106 137 178 195 232 235 297 302 335 366 454 535 546 610 634 665 763 807 900 1047 1155 1096 1361 1353 1474 1550 1784 2032 2212 2088 2176 2327 2261 2499 2785 
0 2 4 8 12 15 21 36 39 54 61 81 102 118 131 180 206 213 250 291 313 347 368 438 520 626 580 706 695 794 865 953 1065 1199 1223 1359 1403 1572 1579 1688 2015 2093 2329 2290 2430 2253 2499 2823 
0 2 4 8 12 15 22 31 48 55 68 93 103 122 123 174 191 221 266 295 330 357 386 450 503 582 615 689 741 788 849 1001 1124 1183 1220 1303 1510 1494 1713 1735 1887 2099 2292 2229 2611 2561 2398 2776 
0 2 4 8 12 16 24 31 47 61 66 87 97 113 142 180 210 226 272 302 351 378 383 453 536 574 644 668 751 803 883 990 1071 1156 1240 1415 1391 1583 1673 1680 1863 2057 2205 2341 2378 2424 2769 3017 
0 2 4 8 12 15 20 33 46 60 68 88 107 117 138 177 215 228 262 307 326 334 398 483 529 591 631 717 723 758 885 997 994 1148 1252 1434 1534 1471 1564 1859 1889 2044 2101 2327 2644 2350 2530 2904 
1 2 4 14 12 17 22 35 55 54 77 94 112 122 153 189 220 224 269 310 345 380 417 472 543 628 624 719 771 847 836 1013 1125 1110 1275 1440 1426 1605 1566 1777 2065 2090 2314 2243 2388 2492 2693 2990 
1 3 5 8 13 19 22 37 47 62 76 116 112 131 149 202 225 257 281 337 332 367 388 506 559 653 693 742 805 801 889 1062 1079 1304 1297 1403 1535 1720 1669 1807 2058 2080 2334 2447 2354 2567 2602 3505 
0 2 4 9 13 18 25 40 46 58 76 97 106 129 147 191 225 249 291 318 369 394 416 497 600 650 695 712 775 790 937 1019 1183 1158 1291 1780 1489 1566 1664 1913 2104 2226 2492 2467 2621 2651 3019 3157 
0 2 4 9 12 20 22 38 49 62 82 96 111 130 158 195 234 256 284 327 377 417 453 542 613 647 720 784 849 866 988 1159 1144 1453 1340 1426 1614 1698 1764 1890 2194 2209 2505 2676 2435 2632 2796 2977 
1 2 4 8 14 17 23 39 51 59 77 95 120 145 157 196 235 256 301 332 365 424 454 508 560 668 654 765 780 861 910 1060 1188 1279 1273 1440 1604 1844 1757 2032 2128 2378 2436 2388 2592 2656 2896 3221 
1 2 4 10 14 22 26 44 56 65 74 98 131 148 159 200 229 279 294 339 399 442 427 525 597 642 690 793 884 891 971 1147 1279 1333 1420 1501 1547 1677 1786 2027 2279 2230 2546 2503 2579 2725 2688 3425 
1 3 5 8 12 21 22 36 49 67 73 100 126 149 163 202 237 291 311 368 384 415 442 606 623 649 781 823 864 903 968 1167 1315 1410 1398 1473 1713 1656 1936 2093 2048 2365 2625 2712 2657 2844 2843 3267 
1 3 5 10 14 18 25 43 57 62 77 110 127 157 160 218 260 281 298 348 409 409 478 569 635 752 773 1000 856 956 995 1194 1219 1366 1397 1559 1599 1857 1857 2083 2301 2322 2463 2666 2563 2995 2758 3372 
1 5 5 11 16 26 28 46 53 70 78 121 132 172 163 197 248 277 312 348 423 412 461 567 645 747 812 826 997 968 1035 1171 1218 1415 1488 1772 1724 1708 1836 2173 2454 2438 2734 2801 2577 3169 3040 3694 
1 3 4 9 14 20 30 47 54 62 80 109 134 150 169 208 254 283 321 359 402 459 486 594 683 734 818 879 940 1022 1048 1110 1273 1450 1446 1524 1700 1805 1823 2148 2156 2660 2802 2753 3015 3112 3007 3405 
1 3 5 9 16 22 30 49 58 72 87 113 126 164 189 224 295 287 352 380 467 460 501 604 700 698 778 880 962 995 998 1225 1193 1319 1315 1688 1797 1951 1933 2066 2246 2480 2715 2475 2902 2869 3030 3398 
1 3 6 10 14 20 26 41 57 69 87 119 131 153 173 217 249 286 315 357 409 466 475 579 655 736 799 881 905 1019 1034 1144 1270 1442 1378 1642 1797 1762 1915 2319 2343 2439 2593 2831 2822 2828 3325 3434 
1 3 5 11 15 22 27 45 55 70 85 116 137 162 178 223 257 299 327 375 404 453 496 556 668 702 778 856 888 973 977 1183 1275 1433 1563 1680 1631 1820 1944 2201 2420 2505 2730 2652 2835 3075 3124 3643 
1 3 5 11 14 24 27 49 62 73 87 115 145 159 170 237 274 327 347 378 403 449 527 672 703 793 827 915 927 974 1080 1161 1348 1442 1496 1669 1878 1865 1956 2204 2495 2586 2816 2822 2923 3035 3280 3508 
0 2 4 9 14 20 28 44 54 74 82 118 134 162 178 246 280 317 342 384 460 458 493 618 679 790 787 894 975 1005 1051 1255 1269 1436 1500 1595 1680 1788 1855 2435 2606 2719 2659 2822 2791 3047 3221 3603 
1 3 5 11 17 25 30 43 67 91 91 111 142 158 170 237 280 329 337 394 442 465 451 659 740 823 835 851 934 1013 1011 1204 1295 1448 1542 1607 1879 1978 1956 2310 2342 2737 2658 3047 3048 3292 3125 3888 
1 3 5 11 18 25 28 45 66 85 92 112 142 172 179 243 277 337 353 414 471 520 522 592 701 719 803 840 872 967 1122 1262 1352 1516 1613 1782 1969 1994 2057 2193 2646 2469 2867 2899 3238 3117 3366 3588 
1 3 5 12 16 22 30 50 67 86 89 124 138 163 201 241 286 320 333 383 456 478 529 633 724 854 881 886 1000 993 1128 1283 1365 1503 1646 1715 1813 1962 2042 2243 2639 2497 2859 2916 3097 3061 3059 3872 
1 3 6 11 15 24 28 48 66 82 93 122 147 163 193 257 276 321 382 411 454 502 526 675 736 880 892 975 1029 1042 1109 1309 1423 1537 1621 1782 1941 2062 2120 2363 2639 2786 3086 3079 3260 3487 3347 3680 
1 4 5 11 17 25 31 55 70 88 90 125 161 181 192 260 309 322 355 434 458 510 525 662 772 849 871 968 1069 1149 1104 1297 1504 1552 1668 1875 2045 1927 2185 2293 2753 2907 3292 3185 3123 3216 3189 3864 
1 3 5 13 18 23 34 49 70 85 92 131 149 179 196 246 315 319 364 422 458 499 552 670 727 798 868 1026 1011 1178 1100 1303 1506 1631 1730 1706 2016 2112 2138 2550 2629 2758 3005 3608 3418 3379 3214 3834 
1 4 6 12 15 22 33 57 68 83 97 126 161 185 209 272 310 333 369 433 486 522 555 672 773 832 932 976 1113 1098 1172 1352 1443 1581 1586 1868 1961 2009 2236 2551 2620 2806 3123 3069 3192 3335 3552 3879 
1 4 6 11 18 24 33 48 68 79 98 123 143 178 192 248 282 334 380 454 469 511 597 684 752 873 961 982 1005 1039 1177 1318 1477 1484 1562 1778 1981 2094 2239 2497 2599 2682 2933 2794 3309 3299 3488 4048 
1 3 5 11 16 23 32 53 62 85 99 119 151 178 193 265 307 328 386 436 473 556 583 722 772 896 1009 942 1037 1133 1199 1402 1465 1602 1790 1925 2014 1992 2223 2504 2785 2887 2854 3011 3067 3349 3093 4014 
1 4 7 13 19 25 34 55 62 88 100 136 171 177 206 260 310 342 391 430 499 533 560 687 784 870 978 965 1111 1118 1182 1371 1527 1647 1823 1853 1961 2155 2416 2400 2871 2776 2996 3101 3229 3602 3838 3865 
1 3 6 12 18 24 30 48 68 86 97 129 151 178 226 273 322 354 413 445 487 562 566 713 779 873 927 946 1014 1193 1268 1494 1616 1671 1649 1942 2267 2217 2071 2521 2869 3003 3072 3125 3605 3590 3662 4120 
1 4 6 11 19 28 33 52 75 86 107 156 157 196 227 297 311 350 398 439 468 525 573 719 811 842 924 1006 1079 1190 1254 1424 1425 1682 1762 1988 2099 2145 2269 2671 2748 2960 3110 3232 3635 3609 3716 3904 
1 3 6 13 17 28 37 59 66 90 101 143 159 194 210 279 321 350 405 476 509 563 610 687 825 871 1045 998 1072 1164 1200 1339 1554 1618 1747 1973 2007 2103 2283 2740 2868 2954 3068 3471 3395 3794 3569 4317 
1 4 7 14 20 25 38 59 73 92 99 133 161 197 202 280 323 351 434 440 535 563 605 697 786 892 951 1044 1110 1172 1342 1422 1647 1581 1828 1962 2021 2320 2296 2609 2958 3108 3056 3331 3403 3729 4128 4595 
1 4 7 14 19 26 34 61 81 95 104 133 175 208 233 274 327 373 393 449 482 558 611 702 811 951 978 1073 1109 1216 1305 1426 1570 1779 1885 2002 2114 2231 2442 2723 2863 3132 3088 3238 3494 3484 3643 4117 
1 3 6 14 20 29 35 55 76 99 102 140 164 190 217 301 341 370 422 464 479 567 597 726 799 934 990 1076 1158 1250 1267 1457 1529 1616 1870 2140 2190 2330 2274 2600 2764 3060 3383 3439 3305 3524 3670 4491 
1 4 7 13 19 27 37 57 75 99 113 149 172 204 221 278 314 372 380 475 528 527 637 759 860 901 988 1170 1187 1222 1351 1480 1744 1871 1909 2037 2330 2271 2590 2830 3062 3211 3236 3247 3352 3364 3751 4134 
1 4 7 15 22 32 36 58 82 108 117 147 169 194 237 291 345 406 405 486 536 599 655 750 808 1001 964 1122 1146 1332 1355 1482 1619 1793 1802 2057 2208 2319 2221 2896 3061 3040 3258 3403 3617 3435 3745 4387 
1 4 7 15 21 32 38 66 94 103 113 152 188 208 233 296 345 380 440 493 553 605 618 816 847 908 1010 1166 1164 1201 1294 1440 1802 1873 1824 2088 2226 2419 2364 2870 2888 3119 3404 3231 3414 3484 3855 4209
1 4 7 14 20 30 40 62 82 96 116 148 186 201 229 287 334 394 417 498 553 626 649 768 858 992 1077 1110 1200 1329 1335 1457 1628 1908 1903 1931 2039 2515 2510 2725 3098 3356 3660 3295 3569 3736 3848 4393
1 4 7 16 22 34 39 63 79 104 111 149 175 204 219 299 332 406 439 476 529 574 644 811 918 1063 1051 1189 1200 1261 1310 1600 1547 1832 1909 2223 2119 2328 2428 2756 2880 3260 3443 3430 3774 4005 3804 4348
1 4 7 14 22 31 36 62 77 100 118 155 192 218 248 307 345 374 426 499 528 544 627 767 911 1012 1066 1179 1205 1243 1371 1653 1717 1966 1830 2171 2294 2303 2442 2848 3172 3196 3598 3637 3773 3475 3949 4199
2 4 7 17 24 36 45 69 83 104 122 163 188 216 257 306 367 438 439 538 570 623 666 809 878 975 1120 1191 1205 1359 1362 1593 1654 1830 2019 2048 2273 2332 2642 2832 3121 3044 3447 3598 3899 3967 3638 4315
1 4 7 14 21 32 41 62 83 106 135 155 184 220 235 315 365 433 453 527 606 632 674 850 901 1072 1148 1192 1484 1411 1392 1686 1770 1936 1999 2274 2288 2464 2597 2977 3403 3235 3668 3425 4016 3852 3898 4911
1 4 9 14 22 39 40 65 89 100 123 162 192 228 256 324 374 405 445 498 578 630 694 820 934 1044 1079 1174 1210 1488 1471 1637 1779 1940 1860 2196 2269 2545 2751 2840 3313 3430 3652 3220 3749 4075 4287 4518
1 5 8 15 24 33 43 68 84 99 115 161 198 218 251 321 374 426 437 514 574 667 704 849 914 1031 1098 1186 1294 1317 1448 1602 1744 1926 1964 2259 2351 2590 2556 3132 3161 3530 3443 3946 3850 3844 4409 4758
1 5 8 15 24 35 46 63 89 110 128 167 190 244 249 318 414 531 518 585 638 728 718 954 954 1071 1104 1238 1231 1426 1409 1602 1844 1964 2216 2100 2372 2593 2531 2971 3066 3214 3622 3890 3601 4087 4331 4760
1 5 8 18 23 35 47 72 84 111 133 174 191 239 274 327 379 402 484 536 563 623 720 808 987 1022 1065 1265 1327 1255 1424 1704 1831 2033 2076 2257 2397 2565 2751 3108 3245 3371 3856 3704 3757 3916 3987 5027
1 5 9 17 25 36 43 65 95 111 133 169 186 238 267 334 381 423 486 549 616 666 728 885 938 1018 1177 1239 1331 1382 1469 1652 1704 2007 2024 2207 2639 2559 2872 2967 3331 3646 3699 3593 3598 4044 4215 4843
1 5 8 17 26 36 42 77 86 114 132 170 196 233 267 344 398 431 466 545 624 665 707 913 943 1144 1215 1348 1346 1476 1487 1678 1891 2146 1987 2190 2402 2457 2573 2993 3599 3451 3929 3623 3556 3718 4433 4990
1 5 8 15 25 36 40 65 90 109 128 172 205 235 293 345 396 442 482 550 600 661 700 866 969 1049 1083 1275 1316 1494 1430 1584 1827 2139 2121 2192 2301 2618 2746 3142 3340 3209 3782 3924 3844 3961 4121 5021
2 7 9 18 22 37 44 69 90 113 127 180 193 229 265 324 402 432 484 554 584 697 794 938 961 1120 1091 1167 1361 1392 1474 1855 1910 2011 2094 2204 2448 2706 2599 3216 3376 3555 3783 3762 4005 4041 4699 4679
1 4 8 16 26 32 49 68 86 116 134 172 216 239 249 348 400 438 502 556 600 652 735 934 989 1129 1190 1239 1457 1483 1417 1668 2109 2060 2109 2203 2491 2570 3095 2942 3325 3932 3618 3466 3731 4103 3803 5291
1 5 8 17 24 39 43 76 91 114 130 166 205 247 267 351 404 434 490 541 643 691 751 932 1033 1087 1170 1288 1313 1432 1627 1820 2086 1933 2139 2364 2577 2690 2783 3171 3377 3598 4106 4243 4016 4285 4432 5382
