1 1 0 0 1 1 2 1 2 2 1 2 4 2 3 4 4 5 5 5 5 6 6 13 8 9 10 11 15 17 14 21 24 18 15 21 21 20 23 21 25 25 24 24 27 30 32 42 
0 0 1 1 1 1 2 3 4 4 5 6 7 8 8 13 12 16 17 20 17 19 21 31 33 32 48 45 47 47 42 82 66 61 70 96 93 94 79 93 94 114 106 111 140 140 127 205 
1 1 1 2 2 3 3 6 7 8 8 12 17 14 19 30 30 36 33 42 43 47 42 64 79 77 102 102 88 106 84 207 168 139 168 241 199 193 178 215 210 257 267 235 325 263 271 480 
1 1 2 2 3 5 5 10 12 11 12 18 22 22 26 46 38 53 43 61 63 62 60 106 116 110 155 140 125 152 159 268 217 197 240 279 240 268 254 289 291 302 311 334 429 502 381 640 
2 1 2 3 4 5 7 14 18 18 16 26 28 27 37 76 59 80 76 75 87 92 91 142 157 149 221 202 185 200 210 397 315 278 361 445 365 338 379 411 395 443 437 507 623 562 546 869 
1 2 2 4 5 6 7 15 19 18 21 29 29 32 45 75 65 92 77 87 89 108 109 154 180 158 237 227 202 226 235 414 361 357 407 477 443 393 354 508 380 491 501 475 675 671 596 992 
1 1 2 4 5 7 8 17 20 25 22 36 34 38 47 92 76 104 86 104 130 106 140 187 214 188 271 259 214 277 275 520 430 346 406 526 483 446 550 548 510 594 533 614 720 704 710 1220 
1 2 3 5 6 10 9 17 23 30 25 38 38 45 61 93 78 107 96 104 137 114 124 198 218 210 283 270 237 271 264 507 422 390 443 609 526 406 495 592 611 594 639 605 856 698 883 1196 
2 2 3 5 7 8 10 19 24 26 30 41 45 45 61 103 96 121 118 113 120 132 137 206 248 251 320 265 263 307 297 560 516 453 473 631 606 535 556 678 647 647 622 706 895 910 872 1310 
2 3 3 6 7 10 13 24 28 32 30 41 46 53 67 121 95 133 120 124 160 141 173 241 262 254 361 306 285 370 336 596 462 426 490 716 566 499 643 712 715 662 835 788 966 971 949 1440 
2 3 4 6 8 10 12 25 30 32 29 46 44 55 65 132 109 133 123 136 170 138 160 246 280 246 347 363 293 354 343 669 533 485 486 737 647 530 646 780 680 752 759 747 1086 1001 856 1460 
2 3 3 6 8 11 12 27 30 35 36 54 59 61 74 126 117 159 135 149 172 157 176 285 290 263 423 365 339 418 378 693 626 502 612 814 757 640 737 887 837 821 722 866 1072 1193 1019 1630 
2 2 3 5 7 11 15 28 38 36 35 57 47 63 84 150 118 164 143 148 178 171 183 287 338 271 412 375 352 431 370 758 632 514 633 792 672 625 627 824 770 769 821 853 1199 1170 1143 1705 
2 3 4 6 7 13 15 26 36 40 40 54 53 62 75 144 125 158 146 142 160 188 186 285 291 288 426 358 355 441 385 766 672 569 618 869 714 674 702 767 823 805 886 931 1218 1049 1215 1771 
2 3 4 6 9 11 16 30 36 43 39 63 61 66 94 145 130 171 126 170 182 192 198 297 341 293 437 423 363 392 367 799 634 549 708 891 791 744 716 966 878 837 928 867 1315 1119 1214 1786 
2 3 4 8 10 14 17 29 39 38 46 58 66 64 94 158 138 183 161 181 207 198 175 320 388 329 489 425 420 457 422 851 687 640 748 982 793 729 744 943 940 905 893 1033 1225 1303 1227 1855 
2 4 5 8 11 14 17 35 40 42 49 68 64 78 93 169 151 199 164 191 213 207 212 332 390 322 547 466 435 496 466 943 749 655 739 991 859 835 846 952 931 1102 995 1004 1446 1104 1171 1987 
2 3 5 7 10 17 16 35 46 49 46 74 67 81 102 167 148 192 160 216 202 217 211 334 407 368 493 416 385 463 406 895 768 640 759 992 789 786 775 1037 894 1007 1000 1018 1489 1243 1294 2118 
2 3 5 9 10 14 18 34 43 51 51 69 73 80 103 175 152 193 164 179 240 224 233 336 434 355 547 455 429 547 487 932 804 698 737 1067 885 876 873 1122 1005 1302 1009 1133 1551 1298 1286 2130 
2 4 5 9 11 17 17 38 46 46 52 73 72 87 112 168 155 204 176 206 213 246 229 363 398 386 537 446 410 503 498 913 782 691 757 1066 898 976 916 1023 975 1133 1157 1047 1435 1233 1418 2025 
2 3 5 8 10 17 22 38 45 48 46 72 68 85 105 181 153 202 184 203 221 220 239 360 417 360 570 507 493 544 484 945 807 664 811 1099 986 840 1004 1033 1003 1201 1081 1075 1395 1424 1323 2182 
3 4 6 9 12 17 18 35 46 53 52 74 78 85 107 178 150 223 203 198 236 294 240 374 424 413 568 505 471 558 503 995 880 629 770 1144 894 901 986 1137 946 1164 1060 1072 1670 1463 1439 2255 
3 4 6 10 10 16 20 38 46 48 57 74 77 110 105 200 165 232 207 233 226 234 270 371 445 378 555 551 490 578 487 974 842 741 783 1140 949 879 938 1111 1130 1208 1241 1090 1614 1490 1514 2097 
3 4 6 10 12 17 19 43 49 51 57 85 78 88 113 190 163 221 197 238 246 255 238 416 433 414 591 519 488 604 577 1024 877 813 931 1212 910 988 950 1199 1130 1184 1201 1112 1700 1508 1490 2386 
2 4 5 9 10 18 20 40 54 53 56 80 77 98 118 216 179 220 199 228 238 257 246 400 475 394 600 528 472 595 569 1076 873 865 874 1246 1061 1001 1077 1330 1121 1264 1285 1224 1698 1458 1578 2444 
3 4 6 11 14 19 25 42 53 58 62 89 78 91 128 219 195 221 201 241 263 264 290 394 489 448 586 566 501 617 625 1040 926 807 906 1202 1039 936 1027 1147 1217 1290 1316 1300 1965 1595 1592 2336 
3 5 6 11 14 20 25 42 59 56 70 88 86 114 122 215 158 243 221 240 277 292 245 404 478 426 596 564 524 602 615 1107 970 860 902 1242 1074 996 1097 1228 1073 1147 1270 1291 1841 1570 1501 2356 
3 4 6 10 15 23 26 41 57 58 64 87 92 94 138 212 187 227 209 249 284 278 275 408 453 451 620 603 514 623 603 1147 935 829 984 1286 1013 987 1025 1271 1068 1360 1311 1415 1725 1738 1763 2497 
3 5 7 11 15 19 23 44 53 65 61 93 81 106 134 227 183 251 221 251 260 244 282 436 490 454 646 605 487 581 634 1153 926 767 929 1332 1055 869 1021 1181 1221 1255 1182 1418 1742 1494 1774 2383 
6 4 6 14 13 20 29 52 66 63 63 91 98 103 140 251 196 245 204 233 252 268 287 400 485 471 615 584 558 637 596 1194 943 831 965 1260 1059 1048 991 1302 1279 1249 1348 1314 1846 1640 1701 2377 
4 5 8 10 15 24 25 46 64 68 61 98 105 105 143 237 203 257 240 259 289 282 281 459 505 457 704 606 562 605 625 1205 935 865 1027 1291 1105 1159 1198 1233 1216 1316 1374 1236 1716 1828 1660 2803 
3 4 7 12 14 21 28 47 58 70 75 92 94 113 138 235 196 267 226 242 301 304 294 437 558 464 681 597 565 606 608 1190 1131 801 995 1451 1050 1034 1066 1376 1306 1321 1430 1271 2008 1809 1806 2605 
3 5 7 13 15 21 25 46 59 67 77 86 98 101 136 237 199 259 238 271 297 273 295 442 581 478 670 652 633 687 744 1250 1076 1037 1085 1521 1162 1157 1193 1400 1331 1318 1476 1505 1829 1746 1824 2478 
4 4 9 12 16 20 26 50 62 66 65 102 104 119 154 254 204 262 231 274 299 336 326 482 527 475 691 623 569 641 650 1221 1083 973 1003 1390 1226 1254 1244 1356 1275 1420 1479 1398 2049 1583 1720 2814 
3 5 7 13 15 26 32 58 65 69 74 99 113 118 144 245 189 278 251 296 349 328 275 470 523 458 695 668 643 774 769 1302 1204 1005 1174 1415 1190 1040 1105 1417 1252 1264 1433 1440 1984 1789 1721 2725 
4 5 7 10 17 27 24 48 61 77 67 105 109 122 149 261 184 293 243 291 286 301 293 540 528 437 723 669 598 727 652 1331 1071 1031 1062 1386 1267 1124 1462 1417 1264 1453 1490 1635 1965 1841 1862 2803 
4 6 8 14 17 23 30 56 65 68 80 99 101 123 161 269 241 287 252 278 323 327 344 488 563 554 790 755 578 734 669 1255 1016 973 1002 1444 1148 1209 1273 1459 1597 1429 1398 1500 2130 1872 1795 2926 
4 7 8 16 18 27 36 55 67 82 87 107 121 120 156 262 227 298 248 298 359 322 293 505 582 547 774 686 667 719 649 1365 1047 975 1167 1573 1417 1104 1262 1468 1416 1578 1567 1577 2105 1966 1959 2942 
4 6 7 12 16 23 31 59 69 69 74 104 107 136 174 255 220 299 288 304 333 332 387 475 597 540 803 776 644 729 751 1321 1113 1092 1169 1612 1205 1163 1195 1487 1422 1472 1527 1581 2369 1905 1815 2819 
4 7 7 12 18 23 33 62 76 74 80 114 129 140 169 276 242 281 274 338 417 333 337 513 599 517 746 711 655 759 708 1331 1062 938 1153 1542 1281 1275 1279 1419 1383 1720 1534 1306 2037 2082 1809 3028 
4 6 8 13 15 23 30 52 73 71 81 111 114 119 172 268 210 306 262 312 322 348 337 523 606 520 761 740 581 771 723 1302 1064 974 1078 1567 1288 1224 1417 1608 1366 1361 1558 1615 2057 1853 2105 2917 
4 6 8 16 17 25 30 57 69 85 80 107 112 121 174 282 219 294 270 294 312 330 330 484 643 517 753 705 609 725 714 1313 1113 999 1188 1591 1249 1171 1179 1476 1629 1630 1481 1497 2116 1938 1955 2908 
9 6 9 14 17 29 33 63 75 81 90 115 119 147 157 282 232 298 296 313 323 325 393 560 635 557 864 740 703 728 716 1372 1242 1078 1154 1526 1414 1197 1344 1567 1505 1603 1636 1615 2302 1795 2185 3075 
3 4 6 13 15 26 29 56 66 80 82 111 106 129 169 297 259 318 298 302 364 372 322 541 624 556 807 745 683 750 742 1439 1193 962 1187 1531 1238 1273 1424 1566 1473 1576 1608 1607 2270 2051 2055 2930 
4 6 8 16 19 28 30 57 88 95 86 117 125 127 160 281 251 331 290 312 349 363 348 552 665 610 827 723 686 783 647 1362 1122 1061 1296 1596 1459 1354 1294 1602 1481 1727 1532 1781 2412 2122 2051 3138 
4 5 8 16 20 26 33 63 79 85 96 108 112 134 165 305 240 328 307 316 371 371 369 511 599 578 807 740 663 784 759 1357 1202 1034 1267 1583 1462 1382 1348 1446 1644 1619 1631 1707 2271 2053 2129 3091 
5 6 10 16 17 30 38 58 80 88 81 129 117 126 193 307 235 315 287 321 329 374 398 597 624 599 830 773 685 773 793 1483 1280 1069 1302 1623 1371 1219 1488 1570 1687 1526 1649 1637 2344 2129 2108 2993 
5 7 9 15 19 31 32 67 78 82 87 114 123 140 182 319 261 322 315 351 376 399 382 619 694 678 910 787 793 772 860 1530 1299 1108 1300 1608 1449 1410 1404 1653 1670 1794 1895 1824 2445 2291 2182 3349 
5 7 8 17 20 26 34 86 78 98 88 124 135 141 187 337 278 330 306 346 412 355 362 576 672 578 886 805 788 860 738 1548 1327 1147 1382 1705 1385 1234 1424 1677 1723 1806 1775 2008 2402 2415 2293 3056 
5 7 9 17 19 27 36 63 81 92 92 130 124 161 188 315 278 346 296 299 389 369 407 603 671 553 845 806 773 884 802 1557 1360 1099 1367 1667 1486 1540 1491 1796 1656 1753 1872 1881 2394 2002 2289 3415 
4 6 9 17 18 32 36 69 81 82 81 135 124 163 193 311 283 351 307 363 378 413 438 591 723 646 923 861 786 825 856 1543 1356 1141 1348 1671 1448 1366 1528 1750 1633 1876 1931 1598 2307 2114 2044 3291 
5 7 10 17 21 28 38 69 91 86 88 131 114 144 188 318 263 350 294 363 381 375 448 633 683 634 928 805 774 807 740 1590 1345 1073 1330 1649 1413 1338 1433 1712 1538 1641 1878 1614 2503 2082 2252 3321 
4 6 9 16 18 29 40 70 78 92 90 121 119 143 184 331 268 349 333 372 399 426 418 616 707 659 974 773 755 898 878 1600 1366 1192 1400 1776 1435 1424 1535 1842 1762 1705 1826 1870 2457 2253 2222 3151 
5 8 10 17 22 32 40 74 77 93 85 135 133 163 190 338 266 359 326 363 397 402 365 636 697 672 935 815 823 894 791 1614 1301 1221 1356 1742 1532 1468 1458 1693 1706 1826 1792 1854 2421 2404 2339 3146 
3 5 9 14 18 29 32 63 89 88 97 140 141 140 199 350 274 345 331 380 390 407 365 610 660 695 924 808 748 941 967 1674 1394 1152 1418 1831 1670 1355 1498 1822 1791 1833 1810 1794 2644 2365 2429 3514 
4 7 10 16 21 30 39 76 94 94 96 141 131 157 231 356 281 355 318 369 388 356 405 655 696 675 910 867 782 877 928 1637 1314 1113 1491 1760 1542 1499 1588 1789 1631 1858 1821 1867 2768 2277 2490 3402 
4 7 10 18 20 36 42 74 84 94 96 138 141 170 202 333 307 395 335 406 434 452 408 640 701 700 976 869 766 834 849 1649 1382 1201 1431 1909 1613 1556 1415 1757 1764 1935 1763 2110 2668 2231 2131 3616 
5 7 12 19 21 33 39 74 84 93 101 133 145 173 215 335 277 384 349 355 429 391 401 633 726 685 934 854 845 923 979 1639 1464 1156 1444 1839 1472 1513 1505 1812 1814 1956 1696 1930 2727 2584 2744 3709 
5 7 11 19 21 33 44 75 101 99 88 136 150 171 196 342 289 375 320 373 411 465 452 606 732 684 935 907 828 845 952 1673 1420 1262 1465 1829 1608 1396 1590 1896 1735 2001 1690 1916 2698 2490 2255 3623 
6 7 10 17 25 35 42 81 90 107 98 136 119 167 205 365 305 368 333 391 366 383 409 651 755 678 1007 874 794 959 929 1661 1382 1140 1484 1893 1533 1533 1545 1889 1699 1922 2048 1845 2419 2605 2334 3594 
5 7 11 16 21 32 44 82 86 104 104 141 143 148 206 374 281 390 307 367 458 372 482 694 761 638 1000 910 916 1011 972 1556 1567 1372 1396 1849 1661 1456 1703 2012 1845 1914 1764 2010 2554 2331 2509 3684 
5 7 11 20 25 37 40 77 88 117 106 144 147 150 221 369 288 403 346 390 447 458 449 654 708 741 946 943 796 1047 902 1626 1424 1204 1545 2028 1569 1587 1517 1965 1825 1787 1893 2173 2796 2245 2278 3797 
6 9 12 19 24 38 43 102 107 97 115 151 147 169 213 365 304 376 353 411 454 453 439 719 787 652 1044 952 866 959 882 1762 1645 1423 1508 1976 1637 1438 1522 1883 1702 1883 1953 1961 2419 2352 2686 3478
6 7 11 19 23 38 42 75 96 101 95 151 153 166 232 363 315 404 339 378 439 446 432 666 750 794 1072 925 843 980 921 1677 1426 1351 1507 1842 1576 1640 1629 1954 2038 2059 2094 2058 2970 2529 2568 3891
5 8 12 21 25 40 42 79 93 102 101 143 147 168 186 357 291 375 353 392 452 417 443 671 819 770 1077 1003 815 910 914 1792 1352 1353 1492 1888 1778 1682 1585 1989 1921 2076 1954 2014 2841 2578 2668 3710
5 7 11 20 28 38 46 82 104 96 97 158 155 174 217 376 292 379 361 415 415 420 429 670 835 752 1054 952 907 1023 858 1843 1553 1399 1366 1914 1597 1420 1592 1929 2031 1864 2143 2200 2852 2210 2364 3803
6 9 12 22 28 35 44 81 96 110 102 154 142 177 238 375 300 454 389 433 450 477 484 705 807 737 1117 983 877 972 883 1789 1538 1309 1586 2011 1854 1626 1831 1981 1914 1903 2096 2027 2946 2793 2487 3927
5 7 11 18 25 38 42 76 97 109 116 154 152 178 226 380 332 399 388 470 507 501 491 760 810 804 1196 905 962 1101 935 1963 1523 1403 1552 2015 1828 1634 1812 2055 2150 2045 2057 2121 2943 2690 2547 3914
5 9 11 18 25 37 40 84 113 99 113 170 159 191 232 411 328 417 357 403 480 471 466 714 870 749 1102 971 836 1222 1060 1810 1605 1447 1490 2008 1644 1717 1822 1936 2095 2186 2193 1913 2802 2949 2732 3674
6 9 13 19 28 43 40 79 110 106 104 169 164 169 205 405 352 425 349 400 483 499 469 779 840 775 1121 1013 941 1029 931 1854 1739 1483 1510 2074 1715 1706 1498 2057 2203 2162 2021 2354 3068 2343 2634 3968
5 9 12 19 25 42 42 85 98 117 120 163 158 196 218 384 371 513 384 535 470 497 503 840 851 871 1084 1024 841 1054 956 1926 1554 1279 1702 1927 1778 1685 1676 2254 1945 2013 2146 2187 2763 2707 2621 3865
6 9 14 24 25 40 48 87 115 109 113 172 148 191 259 397 342 414 399 424 507 441 492 696 885 787 1136 1077 1039 991 1022 1967 1645 1385 1765 2025 1707 1594 2025 2000 1957 2130 2148 2075 2765 2765 2517 4216
6 9 13 23 31 42 51 86 101 116 120 166 170 182 247 393 344 431 365 454 503 497 562 785 782 737 1104 974 897 1065 1043 1903 1539 1405 1625 2063 1831 1709 1920 2051 1916 2133 2116 2306 2914 2830 2846 3854
7 9 13 24 30 37 46 95 110 124 108 176 165 195 252 425 331 449 395 418 506 525 490 803 871 858 1183 1075 961 1146 981 1877 1626 1599 1572 2165 1732 1628 1817 1988 2225 2309 2255 2148 2798 2366 2866 4114
6 10 13 21 30 44 50 97 116 121 134 174 176 192 269 433 363 462 397 440 483 510 510 787 841 781 1131 1101 917 1191 1037 1928 1636 1502 1652 2126 1709 1802 1796 2089 2031 1785 2290 2172 3054 2778 2575 4056
8 11 14 20 29 44 48 82 109 121 127 185 159 190 260 419 368 449 378 463 514 500 580 814 873 795 1120 936 954 1043 1054 2028 1741 1554 1555 1983 1905 1643 1838 2210 2128 2252 2387 2318 3116 2972 2897 3989
6 8 12 20 26 38 54 92 110 122 133 167 189 196 245 409 331 430 407 481 498 477 506 802 921 790 1158 1102 1067 1130 998 2066 1807 1484 1659 1955 1863 1706 2052 2178 2203 2237 2050 2099 3011 2571 2807 4106
7 9 14 23 28 43 50 95 113 117 118 172 168 206 257 430 363 448 413 435 503 469 527 844 922 796 1172 1055 927 1103 1061 2041 1732 1485 1703 2165 1887 1761 1967 2225 1992 2355 2378 2285 3121 3092 2986 4320
