23 7 0 0 0 0 1 1
2 1 0 1 0 0 1
37 19 0 1 0 0 0 0 1
3 2 1 0 2 1 0 0 0 1
5 3 0 0 0 2 0 0 0 0 1
7 5 3 1 0 1
11 8 2 1 0 0 0 1
13 6 1 0 1
17 12 1 0 0 0 0 1
3 1 2 0 0 0 1
5 2 3 0 1
7 4 0 3 0 0 0 0 0 0 1
11 9 0 2 0 0 1
2 1 0 0 1
3 1 1 0 0 2 1
3 2 1 2 1 2 2 1
5 4 3 0 0 1 1
7 6 3 2 4 0 2 1
11 3 2 1 9 4
13 12 8 7 3 1 1
17 14 16 3 0 0 1
19 2 16 15 11 11 1
997 7 8 4 3 5 6 4 6 7 5 4 5 6 7 8 3 4 5 6 5 6 7 8 7 6 7 6 5 4 3 2 1 0 0 0 0 0 0 0 0 1
997 7 8 4 3 5 6 4 6 7 5 4 5 6 7 8 3 4 5 6 5 6 7 8 7 6 7 6 5 4 3 2 1 0 0 0 0 0 0 0 0 1
997 7 8 4 3 5 6 4 6 7 5 4 5 6 7 8 3 4 5 6 5 6 7 8 7 6 7 6 5 4 3 2 1 0 0 0 0 0 0 0 0 1
997 7 8 4 3 5 6 4 6 7 5 4 5 6 7 8 3 4 5 6 5 6 7 8 7 6 7 6 5 4 3 2 1 0 0 0 0 0 0 0 0 1
997 7 8 4 3 5 6 4 6 7 5 4 5 6 7 8 3 4 5 6 5 6 7 8 7 6 7 6 5 4 3 2 1 0 0 0 0 0 0 0 0 1
997 7 8 4 3 5 6 4 6 7 5 4 5 6 7 8 3 4 5 6 5 6 7 8 7 6 7 6 5 4 3 2 1 0 0 0 0 0 0 0 0 1
997 7 8 4 3 5 6 4 6 7 5 4 5 6 7 8 3 4 5 6 5 6 7 8 7 6 7 6 5 4 3 2 1 0 0 0 0 0 0 0 0 1
997 7 8 4 3 5 6 4 6 7 5 4 5 6 7 8 3 4 5 6 5 6 7 8 7 6 7 6 5 4 3 2 1 0 0 0 0 0 0 0 0 1
997 7 8 4 3 5 6 4 6 7 5 4 5 6 7 8 3 4 5 6 5 6 7 8 7 6 7 6 5 4 3 2 1 0 0 0 0 0 0 0 0 1
997 7 8 4 3 5 6 4 6 7 5 4 5 6 7 8 3 4 5 6 5 6 7 8 7 6 7 6 5 4 3 2 1 0 0 0 0 0 0 0 0 1
997 7 8 4 3 5 6 4 6 7 5 4 5 6 7 8 3 4 5 6 5 6 7 8 7 6 7 6 5 4 3 2 1 0 0 0 0 0 0 0 0 1
997 7 8 4 3 5 6 4 6 7 5 4 5 6 7 8 3 4 5 6 5 6 7 8 7 6 7 6 5 4 3 2 1 0 0 0 0 0 0 0 0 1
997 7 8 4 3 5 6 4 6 7 5 4 5 6 7 8 3 4 5 6 5 6 7 8 7 6 7 6 5 4 3 2 1 0 0 0 0 0 0 0 0 1
997 7 8 4 3 5 6 4 6 7 5 4 5 6 7 8 3 4 5 6 5 6 7 8 7 6 7 6 5 4 3 2 1 0 0 0 0 0 0 0 0 1
997 7 8 4 3 5 6 4 6 7 5 4 5 6 7 8 3 4 5 6 5 6 7 8 7 6 7 6 5 4 3 2 1 0 0 0 0 0 0 0 0 1
997 7 8 4 3 5 6 4 6 7 5 4 5 6 7 8 3 4 5 6 5 6 7 8 7 6 7 6 5 4 3 2 1 0 0 0 0 0 0 0 0 1
997 7 8 4 3 5 6 4 6 7 5 4 5 6 7 8 3 4 5 6 5 6 7 8 7 6 7 6 5 4 3 2 1 0 0 0 0 0 0 0 0 1
997 7 8 4 3 5 6 4 6 7 5 4 5 6 7 8 3 4 5 6 5 6 7 8 7 6 7 6 5 4 3 2 1 0 0 0 0 0 0 0 0 1
997 7 8 4 3 5 6 4 6 7 5 4 5 6 7 8 3 4 5 6 5 6 7 8 7 6 7 6 5 4 3 2 1 0 0 0 0 0 0 0 0 1
997 7 8 4 3 5 6 4 6 7 5 4 5 6 7 8 3 4 5 6 5 6 7 8 7 6 7 6 5 4 3 2 1 0 0 0 0 0 0 0 0 1
997 7 8 4 3 5 6 4 6 7 5 4 5 6 7 8 3 4 5 6 5 6 7 8 7 6 7 6 5 4 3 2 1 0 0 0 0 0 0 0 0 1
997 7 8 4 3 5 6 4 6 7 5 4 5 6 7 8 3 4 5 6 5 6 7 8 7 6 7 6 5 4 3 2 1 0 0 0 0 0 0 0 0 1
997 7 8 4 3 5 6 4 6 7 5 4 5 6 7 8 3 4 5 6 5 6 7 8 7 6 7 6 5 4 3 2 1 0 0 0 0 0 0 0 0 1
997 7 8 4 3 5 6 4 6 7 5 4 5 6 7 8 3 4 5 6 5 6 7 8 7 6 7 6 5 4 3 2 1 0 0 0 0 0 0 0 0 1
997 7 8 4 3 5 6 4 6 7 5 4 5 6 7 8 3 4 5 6 5 6 7 8 7 6 7 6 5 4 3 2 1 0 0 0 0 0 0 0 0 1
997 7 8 4 3 5 6 4 6 7 5 4 5 6 7 8 3 4 5 6 5 6 7 8 7 6 7 6 5 4 3 2 1 0 0 0 0 0 0 0 0 1
997 7 8 4 3 5 6 4 6 7 5 4 5 6 7 8 3 4 5 6 5 6 7 8 7 6 7 6 5 4 3 2 1 0 0 0 0 0 0 0 0 1
997 7 8 4 3 5 6 4 6 7 5 4 5 6 7 8 3 4 5 6 5 6 7 8 7 6 7 6 5 4 3 2 1 0 0 0 0 0 0 0 0 1
997 7 8 4 3 5 6 4 6 7 5 4 5 6 7 8 3 4 5 6 5 6 7 8 7 6 7 6 5 4 3 2 1 0 0 0 0 0 0 0 0 1
997 7 8 4 3 5 6 4 6 7 5 4 5 6 7 8 3 4 5 6 5 6 7 8 7 6 7 6 5 4 3 2 1 0 0 0 0 0 0 0 0 1
997 7 8 4 3 5 6 4 6 7 5 4 5 6 7 8 3 4 5 6 5 6 7 8 7 6 7 6 5 4 3 2 1 0 0 0 0 0 0 0 0 1
997 7 8 4 3 5 6 4 6 7 5 4 5 6 7 8 3 4 5 6 5 6 7 8 7 6 7 6 5 4 3 2 1 0 0 0 0 0 0 0 0 1
997 7 8 4 3 5 6 4 6 7 5 4 5 6 7 8 3 4 5 6 5 6 7 8 7 6 7 6 5 4 3 2 1 0 0 0 0 0 0 0 0 1
997 7 8 4 3 5 6 4 6 7 5 4 5 6 7 8 3 4 5 6 5 6 7 8 7 6 7 6 5 4 3 2 1 0 0 0 0 0 0 0 0 1
997 7 8 4 3 5 6 4 6 7 5 4 5 6 7 8 3 4 5 6 5 6 7 8 7 6 7 6 5 4 3 2 1 0 0 0 0 0 0 0 0 1
997 7 8 4 3 5 6 4 6 7 5 4 5 6 7 8 3 4 5 6 5 6 7 8 7 6 7 6 5 4 3 2 1 0 0 0 0 0 0 0 0 1
997 7 8 4 3 5 6 4 6 7 5 4 5 6 7 8 3 4 5 6 5 6 7 8 7 6 7 6 5 4 3 2 1 0 0 0 0 0 0 0 0 1
997 7 8 4 3 5 6 4 6 7 5 4 5 6 7 8 3 4 5 6 5 6 7 8 7 6 7 6 5 4 3 2 1 0 0 0 0 0 0 0 0 1
997 7 8 4 3 5 6 4 6 7 5 4 5 6 7 8 3 4 5 6 5 6 7 8 7 6 7 6 5 4 3 2 1 0 0 0 0 0 0 0 0 1
997 7 8 4 3 5 6 4 6 7 5 4 5 6 7 8 3 4 5 6 5 6 7 8 7 6 7 6 5 4 3 2 1 0 0 0 0 0 0 0 0 1
997 7 8 4 3 5 6 4 6 7 5 4 5 6 7 8 3 4 5 6 5 6 7 8 7 6 7 6 5 4 3 2 1 0 0 0 0 0 0 0 0 1
997 7 8 4 3 5 6 4 6 7 5 4 5 6 7 8 3 4 5 6 5 6 7 8 7 6 7 6 5 4 3 2 1 0 0 0 0 0 0 0 0 1
997 7 8 4 3 5 6 4 6 7 5 4 5 6 7 8 3 4 5 6 5 6 7 8 7 6 7 6 5 4 3 2 1 0 0 0 0 0 0 0 0 1
997 7 8 4 3 5 6 4 6 7 5 4 5 6 7 8 3 4 5 6 5 6 7 8 7 6 7 6 5 4 3 2 1 0 0 0 0 0 0 0 0 1
997 7 8 4 3 5 6 4 6 7 5 4 5 6 7 8 3 4 5 6 5 6 7 8 7 6 7 6 5 4 3 2 1 0 0 0 0 0 0 0 0 1
997 7 8 4 3 5 6 4 6 7 5 4 5 6 7 8 3 4 5 6 5 6 7 8 7 6 7 6 5 4 3 2 1 0 0 0 0 0 0 0 0 1
997 7 8 4 3 5 6 4 6 7 5 4 5 6 7 8 3 4 5 6 5 6 7 8 7 6 7 6 5 4 3 2 1 0 0 0 0 0 0 0 0 1
997 7 8 4 3 5 6 4 6 7 5 4 5 6 7 8 3 4 5 6 5 6 7 8 7 6 7 6 5 4 3 2 1 0 0 0 0 0 0 0 0 1
997 7 8 4 3 5 6 4 6 7 5 4 5 6 7 8 3 4 5 6 5 6 7 8 7 6 7 6 5 4 3 2 1 0 0 0 0 0 0 0 0 1
997 7 8 4 3 5 6 4 6 7 5 4 5 6 7 8 3 4 5 6 5 6 7 8 7 6 7 6 5 4 3 2 1 0 0 0 0 0 0 0 0 1
997 7 8 4 3 5 6 4 6 7 5 4 5 6 7 8 3 4 5 6 5 6 7 8 7 6 7 6 5 4 3 2 1 0 0 0 0 0 0 0 0 1
997 7 8 4 3 5 6 4 6 7 5 4 5 6 7 8 3 4 5 6 5 6 7 8 7 6 7 6 5 4 3 2 1 0 0 0 0 0 0 0 0 1
997 7 8 4 3 5 6 4 6 7 5 4 5 6 7 8 3 4 5 6 5 6 7 8 7 6 7 6 5 4 3 2 1 0 0 0 0 0 0 0 0 1
997 7 8 4 3 5 6 4 6 7 5 4 5 6 7 8 3 4 5 6 5 6 7 8 7 6 7 6 5 4 3 2 1 0 0 0 0 0 0 0 0 1
997 7 8 4 3 5 6 4 6 7 5 4 5 6 7 8 3 4 5 6 5 6 7 8 7 6 7 6 5 4 3 2 1 0 0 0 0 0 0 0 0 1
997 7 8 4 3 5 6 4 6 7 5 4 5 6 7 8 3 4 5 6 5 6 7 8 7 6 7 6 5 4 3 2 1 0 0 0 0 0 0 0 0 1
997 7 8 4 3 5 6 4 6 7 5 4 5 6 7 8 3 4 5 6 5 6 7 8 7 6 7 6 5 4 3 2 1 0 0 0 0 0 0 0 0 1
997 7 8 4 3 5 6 4 6 7 5 4 5 6 7 8 3 4 5 6 5 6 7 8 7 6 7 6 5 4 3 2 1 0 0 0 0 0 0 0 0 1
997 7 8 4 3 5 6 4 6 7 5 4 5 6 7 8 3 4 5 6 5 6 7 8 7 6 7 6 5 4 3 2 1 0 0 0 0 0 0 0 0 1
997 7 8 4 3 5 6 4 6 7 5 4 5 6 7 8 3 4 5 6 5 6 7 8 7 6 7 6 5 4 3 2 1 0 0 0 0 0 0 0 0 1
997 7 8 4 3 5 6 4 6 7 5 4 5 6 7 8 3 4 5 6 5 6 7 8 7 6 7 6 5 4 3 2 1 0 0 0 0 0 0 0 0 1
997 7 8 4 3 5 6 4 6 7 5 4 5 6 7 8 3 4 5 6 5 6 7 8 7 6 7 6 5 4 3 2 1 0 0 0 0 0 0 0 0 1
997 7 8 4 3 5 6 4 6 7 5 4 5 6 7 8 3 4 5 6 5 6 7 8 7 6 7 6 5 4 3 2 1 0 0 0 0 0 0 0 0 1
997 7 8 4 3 5 6 4 6 7 5 4 5 6 7 8 3 4 5 6 5 6 7 8 7 6 7 6 5 4 3 2 1 0 0 0 0 0 0 0 0 1
997 7 8 4 3 5 6 4 6 7 5 4 5 6 7 8 3 4 5 6 5 6 7 8 7 6 7 6 5 4 3 2 1 0 0 0 0 0 0 0 0 1
997 7 8 4 3 5 6 4 6 7 5 4 5 6 7 8 3 4 5 6 5 6 7 8 7 6 7 6 5 4 3 2 1 0 0 0 0 0 0 0 0 1
997 7 8 4 3 5 6 4 6 7 5 4 5 6 7 8 3 4 5 6 5 6 7 8 7 6 7 6 5 4 3 2 1 0 0 0 0 0 0 0 0 1
997 7 8 4 3 5 6 4 6 7 5 4 5 6 7 8 3 4 5 6 5 6 7 8 7 6 7 6 5 4 3 2 1 0 0 0 0 0 0 0 0 1
997 7 8 4 3 5 6 4 6 7 5 4 5 6 7 8 3 4 5 6 5 6 7 8 7 6 7 6 5 4 3 2 1 0 0 0 0 0 0 0 0 1
997 7 8 4 3 5 6 4 6 7 5 4 5 6 7 8 3 4 5 6 5 6 7 8 7 6 7 6 5 4 3 2 1 0 0 0 0 0 0 0 0 1
997 7 8 4 3 5 6 4 6 7 5 4 5 6 7 8 3 4 5 6 5 6 7 8 7 6 7 6 5 4 3 2 1 0 0 0 0 0 0 0 0 1
997 7 8 4 3 5 6 4 6 7 5 4 5 6 7 8 3 4 5 6 5 6 7 8 7 6 7 6 5 4 3 2 1 0 0 0 0 0 0 0 0 1
997 7 8 4 3 5 6 4 6 7 5 4 5 6 7 8 3 4 5 6 5 6 7 8 7 6 7 6 5 4 3 2 1 0 0 0 0 0 0 0 0 1
997 7 8 4 3 5 6 4 6 7 5 4 5 6 7 8 3 4 5 6 5 6 7 8 7 6 7 6 5 4 3 2 1 0 0 0 0 0 0 0 0 1
997 7 8 4 3 5 6 4 6 7 5 4 5 6 7 8 3 4 5 6 5 6 7 8 7 6 7 6 5 4 3 2 1 0 0 0 0 0 0 0 0 1
997 7 8 4 3 5 6 4 6 7 5 4 5 6 7 8 3 4 5 6 5 6 7 8 7 6 7 6 5 4 3 2 1 0 0 0 0 0 0 0 0 1
997 7 8 4 3 5 6 4 6 7 5 4 5 6 7 8 3 4 5 6 5 6 7 8 7 6 7 6 5 4 3 2 1 0 0 0 0 0 0 0 0 1
997 7 8 4 3 5 6 4 6 7 5 4 5 6 7 8 3 4 5 6 5 6 7 8 7 6 7 6 5 4 3 2 1 0 0 0 0 0 0 0 0 1
997 7 8 4 3 5 6 4 6 7 5 4 5 6 7 8 3 4 5 6 5 6 7 8 7 6 7 6 5 4 3 2 1 0 0 0 0 0 0 0 0 1
997 7 8 4 3 5 6 4 6 7 5 4 5 6 7 8 3 4 5 6 5 6 7 8 7 6 7 6 5 4 3 2 1 0 0 0 0 0 0 0 0 1
997 7 8 4 3 5 6 4 6 7 5 4 5 6 7 8 3 4 5 6 5 6 7 8 7 6 7 6 5 4 3 2 1 0 0 0 0 0 0 0 0 1
997 7 8 4 3 5 6 4 6 7 5 4 5 6 7 8 3 4 5 6 5 6 7 8 7 6 7 6 5 4 3 2 1 0 0 0 0 0 0 0 0 1
997 7 8 4 3 5 6 4 6 7 5 4 5 6 7 8 3 4 5 6 5 6 7 8 7 6 7 6 5 4 3 2 1 0 0 0 0 0 0 0 0 1
997 7 8 4 3 5 6 4 6 7 5 4 5 6 7 8 3 4 5 6 5 6 7 8 7 6 7 6 5 4 3 2 1 0 0 0 0 0 0 0 0 1
997 7 8 4 3 5 6 4 6 7 5 4 5 6 7 8 3 4 5 6 5 6 7 8 7 6 7 6 5 4 3 2 1 0 0 0 0 0 0 0 0 1
997 7 8 4 3 5 6 4 6 7 5 4 5 6 7 8 3 4 5 6 5 6 7 8 7 6 7 6 5 4 3 2 1 0 0 0 0 0 0 0 0 1
997 7 8 4 3 5 6 4 6 7 5 4 5 6 7 8 3 4 5 6 5 6 7 8 7 6 7 6 5 4 3 2 1 0 0 0 0 0 0 0 0 1
997 7 8 4 3 5 6 4 6 7 5 4 5 6 7 8 3 4 5 6 5 6 7 8 7 6 7 6 5 4 3 2 1 0 0 0 0 0 0 0 0 1
997 7 8 4 3 5 6 4 6 7 5 4 5 6 7 8 3 4 5 6 5 6 7 8 7 6 7 6 5 4 3 2 1 0 0 0 0 0 0 0 0 1
997 7 8 4 3 5 6 4 6 7 5 4 5 6 7 8 3 4 5 6 5 6 7 8 7 6 7 6 5 4 3 2 1 0 0 0 0 0 0 0 0 1
997 7 8 4 3 5 6 4 6 7 5 4 5 6 7 8 3 4 5 6 5 6 7 8 7 6 7 6 5 4 3 2 1 0 0 0 0 0 0 0 0 1
997 7 8 4 3 5 6 4 6 7 5 4 5 6 7 8 3 4 5 6 5 6 7 8 7 6 7 6 5 4 3 2 1 0 0 0 0 0 0 0 0 1
997 7 8 4 3 5 6 4 6 7 5 4 5 6 7 8 3 4 5 6 5 6 7 8 7 6 7 6 5 4 3 2 1 0 0 0 0 0 0 0 0 1
997 7 8 4 3 5 6 4 6 7 5 4 5 6 7 8 3 4 5 6 5 6 7 8 7 6 7 6 5 4 3 2 1 0 0 0 0 0 0 0 0 1
997 7 8 4 3 5 6 4 6 7 5 4 5 6 7 8 3 4 5 6 5 6 7 8 7 6 7 6 5 4 3 2 1 0 0 0 0 0 0 0 0 1
997 7 8 4 3 5 6 4 6 7 5 4 5 6 7 8 3 4 5 6 5 6 7 8 7 6 7 6 5 4 3 2 1 0 0 0 0 0 0 0 0 1
997 7 8 4 3 5 6 4 6 7 5 4 5 6 7 8 3 4 5 6 5 6 7 8 7 6 7 6 5 4 3 2 1 0 0 0 0 0 0 0 0 1
997 7 8 4 3 5 6 4 6 7 5 4 5 6 7 8 3 4 5 6 5 6 7 8 7 6 7 6 5 4 3 2 1 0 0 0 0 0 0 0 0 1
997 7 8 4 3 5 6 4 6 7 5 4 5 6 7 8 3 4 5 6 5 6 7 8 7 6 7 6 5 4 3 2 1 0 0 0 0 0 0 0 0 1
997 7 8 4 3 5 6 4 6 7 5 4 5 6 7 8 3 4 5 6 5 6 7 8 7 6 7 6 5 4 3 2 1 0 0 0 0 0 0 0 0 1
997 7 8 4 3 5 6 4 6 7 5 4 5 6 7 8 3 4 5 6 5 6 7 8 7 6 7 6 5 4 3 2 1 0 0 0 0 0 0 0 0 1
997 7 8 4 3 5 6 4 6 7 5 4 5 6 7 8 3 4 5 6 5 6 7 8 7 6 7 6 5 4 3 2 1 0 0 0 0 0 0 0 0 1
997 7 8 4 3 5 6 4 6 7 5 4 5 6 7 8 3 4 5 6 5 6 7 8 7 6 7 6 5 4 3 2 1 0 0 0 0 0 0 0 0 1
997 7 8 4 3 5 6 4 6 7 5 4 5 6 7 8 3 4 5 6 5 6 7 8 7 6 7 6 5 4 3 2 1 0 0 0 0 0 0 0 0 1
997 7 8 4 3 5 6 4 6 7 5 4 5 6 7 8 3 4 5 6 5 6 7 8 7 6 7 6 5 4 3 2 1 0 0 0 0 0 0 0 0 1
997 7 8 4 3 5 6 4 6 7 5 4 5 6 7 8 3 4 5 6 5 6 7 8 7 6 7 6 5 4 3 2 1 0 0 0 0 0 0 0 0 1
997 7 8 4 3 5 6 4 6 7 5 4 5 6 7 8 3 4 5 6 5 6 7 8 7 6 7 6 5 4 3 2 1 0 0 0 0 0 0 0 0 1
997 7 8 4 3 5 6 4 6 7 5 4 5 6 7 8 3 4 5 6 5 6 7 8 7 6 7 6 5 4 3 2 1 0 0 0 0 0 0 0 0 1
997 7 8 4 3 5 6 4 6 7 5 4 5 6 7 8 3 4 5 6 5 6 7 8 7 6 7 6 5 4 3 2 1 0 0 0 0 0 0 0 0 1
997 7 8 4 3 5 6 4 6 7 5 4 5 6 7 8 3 4 5 6 5 6 7 8 7 6 7 6 5 4 3 2 1 0 0 0 0 0 0 0 0 1
997 7 8 4 3 5 6 4 6 7 5 4 5 6 7 8 3 4 5 6 5 6 7 8 7 6 7 6 5 4 3 2 1 0 0 0 0 0 0 0 0 1
997 7 8 4 3 5 6 4 6 7 5 4 5 6 7 8 3 4 5 6 5 6 7 8 7 6 7 6 5 4 3 2 1 0 0 0 0 0 0 0 0 1
997 7 8 4 3 5 6 4 6 7 5 4 5 6 7 8 3 4 5 6 5 6 7 8 7 6 7 6 5 4 3 2 1 0 0 0 0 0 0 0 0 1
997 7 8 4 3 5 6 4 6 7 5 4 5 6 7 8 3 4 5 6 5 6 7 8 7 6 7 6 5 4 3 2 1 0 0 0 0 0 0 0 0 1
997 7 8 4 3 5 6 4 6 7 5 4 5 6 7 8 3 4 5 6 5 6 7 8 7 6 7 6 5 4 3 2 1 0 0 0 0 0 0 0 0 1
997 7 8 4 3 5 6 4 6 7 5 4 5 6 7 8 3 4 5 6 5 6 7 8 7 6 7 6 5 4 3 2 1 0 0 0 0 0 0 0 0 1
997 7 8 4 3 5 6 4 6 7 5 4 5 6 7 8 3 4 5 6 5 6 7 8 7 6 7 6 5 4 3 2 1 0 0 0 0 0 0 0 0 1
997 7 8 4 3 5 6 4 6 7 5 4 5 6 7 8 3 4 5 6 5 6 7 8 7 6 7 6 5 4 3 2 1 0 0 0 0 0 0 0 0 1
997 7 8 4 3 5 6 4 6 7 5 4 5 6 7 8 3 4 5 6 5 6 7 8 7 6 7 6 5 4 3 2 1 0 0 0 0 0 0 0 0 1
997 7 8 4 3 5 6 4 6 7 5 4 5 6 7 8 3 4 5 6 5 6 7 8 7 6 7 6 5 4 3 2 1 0 0 0 0 0 0 0 0 1
997 7 8 4 3 5 6 4 6 7 5 4 5 6 7 8 3 4 5 6 5 6 7 8 7 6 7 6 5 4 3 2 1 0 0 0 0 0 0 0 0 1
997 7 8 4 3 5 6 4 6 7 5 4 5 6 7 8 3 4 5 6 5 6 7 8 7 6 7 6 5 4 3 2 1 0 0 0 0 0 0 0 0 1
997 7 8 4 3 5 6 4 6 7 5 4 5 6 7 8 3 4 5 6 5 6 7 8 7 6 7 6 5 4 3 2 1 0 0 0 0 0 0 0 0 1
997 7 8 4 3 5 6 4 6 7 5 4 5 6 7 8 3 4 5 6 5 6 7 8 7 6 7 6 5 4 3 2 1 0 0 0 0 0 0 0 0 1
997 7 8 4 3 5 6 4 6 7 5 4 5 6 7 8 3 4 5 6 5 6 7 8 7 6 7 6 5 4 3 2 1 0 0 0 0 0 0 0 0 1
997 7 8 4 3 5 6 4 6 7 5 4 5 6 7 8 3 4 5 6 5 6 7 8 7 6 7 6 5 4 3 2 1 0 0 0 0 0 0 0 0 1
997 7 8 4 3 5 6 4 6 7 5 4 5 6 7 8 3 4 5 6 5 6 7 8 7 6 7 6 5 4 3 2 1 0 0 0 0 0 0 0 0 1
997 7 8 4 3 5 6 4 6 7 5 4 5 6 7 8 3 4 5 6 5 6 7 8 7 6 7 6 5 4 3 2 1 0 0 0 0 0 0 0 0 1
997 7 8 4 3 5 6 4 6 7 5 4 5 6 7 8 3 4 5 6 5 6 7 8 7 6 7 6 5 4 3 2 1 0 0 0 0 0 0 0 0 1
997 7 8 4 3 5 6 4 6 7 5 4 5 6 7 8 3 4 5 6 5 6 7 8 7 6 7 6 5 4 3 2 1 0 0 0 0 0 0 0 0 1
997 7 8 4 3 5 6 4 6 7 5 4 5 6 7 8 3 4 5 6 5 6 7 8 7 6 7 6 5 4 3 2 1 0 0 0 0 0 0 0 0 1
997 7 8 4 3 5 6 4 6 7 5 4 5 6 7 8 3 4 5 6 5 6 7 8 7 6 7 6 5 4 3 2 1 0 0 0 0 0 0 0 0 1
997 7 8 4 3 5 6 4 6 7 5 4 5 6 7 8 3 4 5 6 5 6 7 8 7 6 7 6 5 4 3 2 1 0 0 0 0 0 0 0 0 1
997 7 8 4 3 5 6 4 6 7 5 4 5 6 7 8 3 4 5 6 5 6 7 8 7 6 7 6 5 4 3 2 1 0 0 0 0 0 0 0 0 1
997 7 8 4 3 5 6 4 6 7 5 4 5 6 7 8 3 4 5 6 5 6 7 8 7 6 7 6 5 4 3 2 1 0 0 0 0 0 0 0 0 1
997 7 8 4 3 5 6 4 6 7 5 4 5 6 7 8 3 4 5 6 5 6 7 8 7 6 7 6 5 4 3 2 1 0 0 0 0 0 0 0 0 1
997 7 8 4 3 5 6 4 6 7 5 4 5 6 7 8 3 4 5 6 5 6 7 8 7 6 7 6 5 4 3 2 1 0 0 0 0 0 0 0 0 1
997 7 8 4 3 5 6 4 6 7 5 4 5 6 7 8 3 4 5 6 5 6 7 8 7 6 7 6 5 4 3 2 1 0 0 0 0 0 0 0 0 1
997 7 8 4 3 5 6 4 6 7 5 4 5 6 7 8 3 4 5 6 5 6 7 8 7 6 7 6 5 4 3 2 1 0 0 0 0 0 0 0 0 1
997 7 8 4 3 5 6 4 6 7 5 4 5 6 7 8 3 4 5 6 5 6 7 8 7 6 7 6 5 4 3 2 1 0 0 0 0 0 0 0 0 1
997 7 8 4 3 5 6 4 6 7 5 4 5 6 7 8 3 4 5 6 5 6 7 8 7 6 7 6 5 4 3 2 1 0 0 0 0 0 0 0 0 1
997 7 8 4 3 5 6 4 6 7 5 4 5 6 7 8 3 4 5 6 5 6 7 8 7 6 7 6 5 4 3 2 1 0 0 0 0 0 0 0 0 1
997 7 8 4 3 5 6 4 6 7 5 4 5 6 7 8 3 4 5 6 5 6 7 8 7 6 7 6 5 4 3 2 1 0 0 0 0 0 0 0 0 1
997 7 8 4 3 5 6 4 6 7 5 4 5 6 7 8 3 4 5 6 5 6 7 8 7 6 7 6 5 4 3 2 1 0 0 0 0 0 0 0 0 1
997 7 8 4 3 5 6 4 6 7 5 4 5 6 7 8 3 4 5 6 5 6 7 8 7 6 7 6 5 4 3 2 1 0 0 0 0 0 0 0 0 1
997 7 8 4 3 5 6 4 6 7 5 4 5 6 7 8 3 4 5 6 5 6 7 8 7 6 7 6 5 4 3 2 1 0 0 0 0 0 0 0 0 1
997 7 8 4 3 5 6 4 6 7 5 4 5 6 7 8 3 4 5 6 5 6 7 8 7 6 7 6 5 4 3 2 1 0 0 0 0 0 0 0 0 1
997 7 8 4 3 5 6 4 6 7 5 4 5 6 7 8 3 4 5 6 5 6 7 8 7 6 7 6 5 4 3 2 1 0 0 0 0 0 0 0 0 1
997 7 8 4 3 5 6 4 6 7 5 4 5 6 7 8 3 4 5 6 5 6 7 8 7 6 7 6 5 4 3 2 1 0 0 0 0 0 0 0 0 1
997 7 8 4 3 5 6 4 6 7 5 4 5 6 7 8 3 4 5 6 5 6 7 8 7 6 7 6 5 4 3 2 1 0 0 0 0 0 0 0 0 1
997 7 8 4 3 5 6 4 6 7 5 4 5 6 7 8 3 4 5 6 5 6 7 8 7 6 7 6 5 4 3 2 1 0 0 0 0 0 0 0 0 1
997 7 8 4 3 5 6 4 6 7 5 4 5 6 7 8 3 4 5 6 5 6 7 8 7 6 7 6 5 4 3 2 1 0 0 0 0 0 0 0 0 1
997 7 8 4 3 5 6 4 6 7 5 4 5 6 7 8 3 4 5 6 5 6 7 8 7 6 7 6 5 4 3 2 1 0 0 0 0 0 0 0 0 1
997 7 8 4 3 5 6 4 6 7 5 4 5 6 7 8 3 4 5 6 5 6 7 8 7 6 7 6 5 4 3 2 1 0 0 0 0 0 0 0 0 1
997 7 8 4 3 5 6 4 6 7 5 4 5 6 7 8 3 4 5 6 5 6 7 8 7 6 7 6 5 4 3 2 1 0 0 0 0 0 0 0 0 1
997 7 8 4 3 5 6 4 6 7 5 4 5 6 7 8 3 4 5 6 5 6 7 8 7 6 7 6 5 4 3 2 1 0 0 0 0 0 0 0 0 1
997 7 8 4 3 5 6 4 6 7 5 4 5 6 7 8 3 4 5 6 5 6 7 8 7 6 7 6 5 4 3 2 1 0 0 0 0 0 0 0 0 1
997 7 8 4 3 5 6 4 6 7 5 4 5 6 7 8 3 4 5 6 5 6 7 8 7 6 7 6 5 4 3 2 1 0 0 0 0 0 0 0 0 1
997 7 8 4 3 5 6 4 6 7 5 4 5 6 7 8 3 4 5 6 5 6 7 8 7 6 7 6 5 4 3 2 1 0 0 0 0 0 0 0 0 1
997 7 8 4 3 5 6 4 6 7 5 4 5 6 7 8 3 4 5 6 5 6 7 8 7 6 7 6 5 4 3 2 1 0 0 0 0 0 0 0 0 1
997 7 8 4 3 5 6 4 6 7 5 4 5 6 7 8 3 4 5 6 5 6 7 8 7 6 7 6 5 4 3 2 1 0 0 0 0 0 0 0 0 1
997 7 8 4 3 5 6 4 6 7 5 4 5 6 7 8 3 4 5 6 5 6 7 8 7 6 7 6 5 4 3 2 1 0 0 0 0 0 0 0 0 1
997 7 8 4 3 5 6 4 6 7 5 4 5 6 7 8 3 4 5 6 5 6 7 8 7 6 7 6 5 4 3 2 1 0 0 0 0 0 0 0 0 1
997 7 8 4 3 5 6 4 6 7 5 4 5 6 7 8 3 4 5 6 5 6 7 8 7 6 7 6 5 4 3 2 1 0 0 0 0 0 0 0 0 1
997 7 8 4 3 5 6 4 6 7 5 4 5 6 7 8 3 4 5 6 5 6 7 8 7 6 7 6 5 4 3 2 1 0 0 0 0 0 0 0 0 1
997 7 8 4 3 5 6 4 6 7 5 4 5 6 7 8 3 4 5 6 5 6 7 8 7 6 7 6 5 4 3 2 1 0 0 0 0 0 0 0 0 1
997 7 8 4 3 5 6 4 6 7 5 4 5 6 7 8 3 4 5 6 5 6 7 8 7 6 7 6 5 4 3 2 1 0 0 0 0 0 0 0 0 1
997 7 8 4 3 5 6 4 6 7 5 4 5 6 7 8 3 4 5 6 5 6 7 8 7 6 7 6 5 4 3 2 1 0 0 0 0 0 0 0 0 1
997 7 8 4 3 5 6 4 6 7 5 4 5 6 7 8 3 4 5 6 5 6 7 8 7 6 7 6 5 4 3 2 1 0 0 0 0 0 0 0 0 1
997 7 8 4 3 5 6 4 6 7 5 4 5 6 7 8 3 4 5 6 5 6 7 8 7 6 7 6 5 4 3 2 1 0 0 0 0 0 0 0 0 1
997 7 8 4 3 5 6 4 6 7 5 4 5 6 7 8 3 4 5 6 5 6 7 8 7 6 7 6 5 4 3 2 1 0 0 0 0 0 0 0 0 1
997 7 8 4 3 5 6 4 6 7 5 4 5 6 7 8 3 4 5 6 5 6 7 8 7 6 7 6 5 4 3 2 1 0 0 0 0 0 0 0 0 1
997 7 8 4 3 5 6 4 6 7 5 4 5 6 7 8 3 4 5 6 5 6 7 8 7 6 7 6 5 4 3 2 1 0 0 0 0 0 0 0 0 1
997 7 8 4 3 5 6 4 6 7 5 4 5 6 7 8 3 4 5 6 5 6 7 8 7 6 7 6 5 4 3 2 1 0 0 0 0 0 0 0 0 1
997 7 8 4 3 5 6 4 6 7 5 4 5 6 7 8 3 4 5 6 5 6 7 8 7 6 7 6 5 4 3 2 1 0 0 0 0 0 0 0 0 1
997 7 8 4 3 5 6 4 6 7 5 4 5 6 7 8 3 4 5 6 5 6 7 8 7 6 7 6 5 4 3 2 1 0 0 0 0 0 0 0 0 1
997 7 8 4 3 5 6 4 6 7 5 4 5 6 7 8 3 4 5 6 5 6 7 8 7 6 7 6 5 4 3 2 1 0 0 0 0 0 0 0 0 1
997 7 8 4 3 5 6 4 6 7 5 4 5 6 7 8 3 4 5 6 5 6 7 8 7 6 7 6 5 4 3 2 1 0 0 0 0 0 0 0 0 1
997 7 8 4 3 5 6 4 6 7 5 4 5 6 7 8 3 4 5 6 5 6 7 8 7 6 7 6 5 4 3 2 1 0 0 0 0 0 0 0 0 1
997 7 8 4 3 5 6 4 6 7 5 4 5 6 7 8 3 4 5 6 5 6 7 8 7 6 7 6 5 4 3 2 1 0 0 0 0 0 0 0 0 1
997 7 8 4 3 5 6 4 6 7 5 4 5 6 7 8 3 4 5 6 5 6 7 8 7 6 7 6 5 4 3 2 1 0 0 0 0 0 0 0 0 1
997 7 8 4 3 5 6 4 6 7 5 4 5 6 7 8 3 4 5 6 5 6 7 8 7 6 7 6 5 4 3 2 1 0 0 0 0 0 0 0 0 1
997 7 8 4 3 5 6 4 6 7 5 4 5 6 7 8 3 4 5 6 5 6 7 8 7 6 7 6 5 4 3 2 1 0 0 0 0 0 0 0 0 1
997 7 8 4 3 5 6 4 6 7 5 4 5 6 7 8 3 4 5 6 5 6 7 8 7 6 7 6 5 4 3 2 1 0 0 0 0 0 0 0 0 1
997 7 8 4 3 5 6 4 6 7 5 4 5 6 7 8 3 4 5 6 5 6 7 8 7 6 7 6 5 4 3 2 1 0 0 0 0 0 0 0 0 1
997 7 8 4 3 5 6 4 6 7 5 4 5 6 7 8 3 4 5 6 5 6 7 8 7 6 7 6 5 4 3 2 1 0 0 0 0 0 0 0 0 1
997 7 8 4 3 5 6 4 6 7 5 4 5 6 7 8 3 4 5 6 5 6 7 8 7 6 7 6 5 4 3 2 1 0 0 0 0 0 0 0 0 1
997 7 8 4 3 5 6 4 6 7 5 4 5 6 7 8 3 4 5 6 5 6 7 8 7 6 7 6 5 4 3 2 1 0 0 0 0 0 0 0 0 1
997 7 8 4 3 5 6 4 6 7 5 4 5 6 7 8 3 4 5 6 5 6 7 8 7 6 7 6 5 4 3 2 1 0 0 0 0 0 0 0 0 1
997 7 8 4 3 5 6 4 6 7 5 4 5 6 7 8 3 4 5 6 5 6 7 8 7 6 7 6 5 4 3 2 1 0 0 0 0 0 0 0 0 1
997 7 8 4 3 5 6 4 6 7 5 4 5 6 7 8 3 4 5 6 5 6 7 8 7 6 7 6 5 4 3 2 1 0 0 0 0 0 0 0 0 1
997 7 8 4 3 5 6 4 6 7 5 4 5 6 7 8 3 4 5 6 5 6 7 8 7 6 7 6 5 4 3 2 1 0 0 0 0 0 0 0 0 1
997 7 8 4 3 5 6 4 6 7 5 4 5 6 7 8 3 4 5 6 5 6 7 8 7 6 7 6 5 4 3 2 1 0 0 0 0 0 0 0 0 1
997 7 8 4 3 5 6 4 6 7 5 4 5 6 7 8 3 4 5 6 5 6 7 8 7 6 7 6 5 4 3 2 1 0 0 0 0 0 0 0 0 1
997 7 8 4 3 5 6 4 6 7 5 4 5 6 7 8 3 4 5 6 5 6 7 8 7 6 7 6 5 4 3 2 1 0 0 0 0 0 0 0 0 1
997 7 8 4 3 5 6 4 6 7 5 4 5 6 7 8 3 4 5 6 5 6 7 8 7 6 7 6 5 4 3 2 1 0 0 0 0 0 0 0 0 1
997 7 8 4 3 5 6 4 6 7 5 4 5 6 7 8 3 4 5 6 5 6 7 8 7 6 7 6 5 4 3 2 1 0 0 0 0 0 0 0 0 1
997 7 8 4 3 5 6 4 6 7 5 4 5 6 7 8 3 4 5 6 5 6 7 8 7 6 7 6 5 4 3 2 1 0 0 0 0 0 0 0 0 1
997 7 8 4 3 5 6 4 6 7 5 4 5 6 7 8 3 4 5 6 5 6 7 8 7 6 7 6 5 4 3 2 1 0 0 0 0 0 0 0 0 1
997 7 8 4 3 5 6 4 6 7 5 4 5 6 7 8 3 4 5 6 5 6 7 8 7 6 7 6 5 4 3 2 1 0 0 0 0 0 0 0 0 1
997 7 8 4 3 5 6 4 6 7 5 4 5 6 7 8 3 4 5 6 5 6 7 8 7 6 7 6 5 4 3 2 1 0 0 0 0 0 0 0 0 1
997 7 8 4 3 5 6 4 6 7 5 4 5 6 7 8 3 4 5 6 5 6 7 8 7 6 7 6 5 4 3 2 1 0 0 0 0 0 0 0 0 1
997 7 8 4 3 5 6 4 6 7 5 4 5 6 7 8 3 4 5 6 5 6 7 8 7 6 7 6 5 4 3 2 1 0 0 0 0 0 0 0 0 1
997 7 8 4 3 5 6 4 6 7 5 4 5 6 7 8 3 4 5 6 5 6 7 8 7 6 7 6 5 4 3 2 1 0 0 0 0 0 0 0 0 1
997 7 8 4 3 5 6 4 6 7 5 4 5 6 7 8 3 4 5 6 5 6 7 8 7 6 7 6 5 4 3 2 1 0 0 0 0 0 0 0 0 1
997 7 8 4 3 5 6 4 6 7 5 4 5 6 7 8 3 4 5 6 5 6 7 8 7 6 7 6 5 4 3 2 1 0 0 0 0 0 0 0 0 1
997 7 8 4 3 5 6 4 6 7 5 4 5 6 7 8 3 4 5 6 5 6 7 8 7 6 7 6 5 4 3 2 1 0 0 0 0 0 0 0 0 1
997 7 8 4 3 5 6 4 6 7 5 4 5 6 7 8 3 4 5 6 5 6 7 8 7 6 7 6 5 4 3 2 1 0 0 0 0 0 0 0 0 1
997 7 8 4 3 5 6 4 6 7 5 4 5 6 7 8 3 4 5 6 5 6 7 8 7 6 7 6 5 4 3 2 1 0 0 0 0 0 0 0 0 1
997 7 8 4 3 5 6 4 6 7 5 4 5 6 7 8 3 4 5 6 5 6 7 8 7 6 7 6 5 4 3 2 1 0 0 0 0 0 0 0 0 1
997 7 8 4 3 5 6 4 6 7 5 4 5 6 7 8 3 4 5 6 5 6 7 8 7 6 7 6 5 4 3 2 1 0 0 0 0 0 0 0 0 1
997 7 8 4 3 5 6 4 6 7 5 4 5 6 7 8 3 4 5 6 5 6 7 8 7 6 7 6 5 4 3 2 1 0 0 0 0 0 0 0 0 1
997 7 8 4 3 5 6 4 6 7 5 4 5 6 7 8 3 4 5 6 5 6 7 8 7 6 7 6 5 4 3 2 1 0 0 0 0 0 0 0 0 1
997 7 8 4 3 5 6 4 6 7 5 4 5 6 7 8 3 4 5 6 5 6 7 8 7 6 7 6 5 4 3 2 1 0 0 0 0 0 0 0 0 1
997 7 8 4 3 5 6 4 6 7 5 4 5 6 7 8 3 4 5 6 5 6 7 8 7 6 7 6 5 4 3 2 1 0 0 0 0 0 0 0 0 1
997 7 8 4 3 5 6 4 6 7 5 4 5 6 7 8 3 4 5 6 5 6 7 8 7 6 7 6 5 4 3 2 1 0 0 0 0 0 0 0 0 1
997 7 8 4 3 5 6 4 6 7 5 4 5 6 7 8 3 4 5 6 5 6 7 8 7 6 7 6 5 4 3 2 1 0 0 0 0 0 0 0 0 1
997 7 8 4 3 5 6 4 6 7 5 4 5 6 7 8 3 4 5 6 5 6 7 8 7 6 7 6 5 4 3 2 1 0 0 0 0 0 0 0 0 1
997 7 8 4 3 5 6 4 6 7 5 4 5 6 7 8 3 4 5 6 5 6 7 8 7 6 7 6 5 4 3 2 1 0 0 0 0 0 0 0 0 1
997 7 8 4 3 5 6 4 6 7 5 4 5 6 7 8 3 4 5 6 5 6 7 8 7 6 7 6 5 4 3 2 1 0 0 0 0 0 0 0 0 1
997 7 8 4 3 5 6 4 6 7 5 4 5 6 7 8 3 4 5 6 5 6 7 8 7 6 7 6 5 4 3 2 1 0 0 0 0 0 0 0 0 1
997 7 8 4 3 5 6 4 6 7 5 4 5 6 7 8 3 4 5 6 5 6 7 8 7 6 7 6 5 4 3 2 1 0 0 0 0 0 0 0 0 1
997 7 8 4 3 5 6 4 6 7 5 4 5 6 7 8 3 4 5 6 5 6 7 8 7 6 7 6 5 4 3 2 1 0 0 0 0 0 0 0 0 1
997 7 8 4 3 5 6 4 6 7 5 4 5 6 7 8 3 4 5 6 5 6 7 8 7 6 7 6 5 4 3 2 1 0 0 0 0 0 0 0 0 1
997 7 8 4 3 5 6 4 6 7 5 4 5 6 7 8 3 4 5 6 5 6 7 8 7 6 7 6 5 4 3 2 1 0 0 0 0 0 0 0 0 1
997 7 8 4 3 5 6 4 6 7 5 4 5 6 7 8 3 4 5 6 5 6 7 8 7 6 7 6 5 4 3 2 1 0 0 0 0 0 0 0 0 1
997 7 8 4 3 5 6 4 6 7 5 4 5 6 7 8 3 4 5 6 5 6 7 8 7 6 7 6 5 4 3 2 1 0 0 0 0 0 0 0 0 1
997 7 8 4 3 5 6 4 6 7 5 4 5 6 7 8 3 4 5 6 5 6 7 8 7 6 7 6 5 4 3 2 1 0 0 0 0 0 0 0 0 1
997 7 8 4 3 5 6 4 6 7 5 4 5 6 7 8 3 4 5 6 5 6 7 8 7 6 7 6 5 4 3 2 1 0 0 0 0 0 0 0 0 1
997 7 8 4 3 5 6 4 6 7 5 4 5 6 7 8 3 4 5 6 5 6 7 8 7 6 7 6 5 4 3 2 1 0 0 0 0 0 0 0 0 1
997 7 8 4 3 5 6 4 6 7 5 4 5 6 7 8 3 4 5 6 5 6 7 8 7 6 7 6 5 4 3 2 1 0 0 0 0 0 0 0 0 1
997 7 8 4 3 5 6 4 6 7 5 4 5 6 7 8 3 4 5 6 5 6 7 8 7 6 7 6 5 4 3 2 1 0 0 0 0 0 0 0 0 1
997 7 8 4 3 5 6 4 6 7 5 4 5 6 7 8 3 4 5 6 5 6 7 8 7 6 7 6 5 4 3 2 1 0 0 0 0 0 0 0 0 1
997 7 8 4 3 5 6 4 6 7 5 4 5 6 7 8 3 4 5 6 5 6 7 8 7 6 7 6 5 4 3 2 1 0 0 0 0 0 0 0 0 1
997 7 8 4 3 5 6 4 6 7 5 4 5 6 7 8 3 4 5 6 5 6 7 8 7 6 7 6 5 4 3 2 1 0 0 0 0 0 0 0 0 1
997 7 8 4 3 5 6 4 6 7 5 4 5 6 7 8 3 4 5 6 5 6 7 8 7 6 7 6 5 4 3 2 1 0 0 0 0 0 0 0 0 1
997 7 8 4 3 5 6 4 6 7 5 4 5 6 7 8 3 4 5 6 5 6 7 8 7 6 7 6 5 4 3 2 1 0 0 0 0 0 0 0 0 1
997 7 8 4 3 5 6 4 6 7 5 4 5 6 7 8 3 4 5 6 5 6 7 8 7 6 7 6 5 4 3 2 1 0 0 0 0 0 0 0 0 1
997 7 8 4 3 5 6 4 6 7 5 4 5 6 7 8 3 4 5 6 5 6 7 8 7 6 7 6 5 4 3 2 1 0 0 0 0 0 0 0 0 1
997 7 8 4 3 5 6 4 6 7 5 4 5 6 7 8 3 4 5 6 5 6 7 8 7 6 7 6 5 4 3 2 1 0 0 0 0 0 0 0 0 1
997 7 8 4 3 5 6 4 6 7 5 4 5 6 7 8 3 4 5 6 5 6 7 8 7 6 7 6 5 4 3 2 1 0 0 0 0 0 0 0 0 1
997 7 8 4 3 5 6 4 6 7 5 4 5 6 7 8 3 4 5 6 5 6 7 8 7 6 7 6 5 4 3 2 1 0 0 0 0 0 0 0 0 1
997 7 8 4 3 5 6 4 6 7 5 4 5 6 7 8 3 4 5 6 5 6 7 8 7 6 7 6 5 4 3 2 1 0 0 0 0 0 0 0 0 1
997 7 8 4 3 5 6 4 6 7 5 4 5 6 7 8 3 4 5 6 5 6 7 8 7 6 7 6 5 4 3 2 1 0 0 0 0 0 0 0 0 1
997 7 8 4 3 5 6 4 6 7 5 4 5 6 7 8 3 4 5 6 5 6 7 8 7 6 7 6 5 4 3 2 1 0 0 0 0 0 0 0 0 1
997 7 8 4 3 5 6 4 6 7 5 4 5 6 7 8 3 4 5 6 5 6 7 8 7 6 7 6 5 4 3 2 1 0 0 0 0 0 0 0 0 1
997 7 8 4 3 5 6 4 6 7 5 4 5 6 7 8 3 4 5 6 5 6 7 8 7 6 7 6 5 4 3 2 1 0 0 0 0 0 0 0 0 1
997 7 8 4 3 5 6 4 6 7 5 4 5 6 7 8 3 4 5 6 5 6 7 8 7 6 7 6 5 4 3 2 1 0 0 0 0 0 0 0 0 1
997 7 8 4 3 5 6 4 6 7 5 4 5 6 7 8 3 4 5 6 5 6 7 8 7 6 7 6 5 4 3 2 1 0 0 0 0 0 0 0 0 1
997 7 8 4 3 5 6 4 6 7 5 4 5 6 7 8 3 4 5 6 5 6 7 8 7 6 7 6 5 4 3 2 1 0 0 0 0 0 0 0 0 1
997 7 8 4 3 5 6 4 6 7 5 4 5 6 7 8 3 4 5 6 5 6 7 8 7 6 7 6 5 4 3 2 1 0 0 0 0 0 0 0 0 1
997 7 8 4 3 5 6 4 6 7 5 4 5 6 7 8 3 4 5 6 5 6 7 8 7 6 7 6 5 4 3 2 1 0 0 0 0 0 0 0 0 1
997 7 8 4 3 5 6 4 6 7 5 4 5 6 7 8 3 4 5 6 5 6 7 8 7 6 7 6 5 4 3 2 1 0 0 0 0 0 0 0 0 1
997 7 8 4 3 5 6 4 6 7 5 4 5 6 7 8 3 4 5 6 5 6 7 8 7 6 7 6 5 4 3 2 1 0 0 0 0 0 0 0 0 1
997 7 8 4 3 5 6 4 6 7 5 4 5 6 7 8 3 4 5 6 5 6 7 8 7 6 7 6 5 4 3 2 1 0 0 0 0 0 0 0 0 1
997 7 8 4 3 5 6 4 6 7 5 4 5 6 7 8 3 4 5 6 5 6 7 8 7 6 7 6 5 4 3 2 1 0 0 0 0 0 0 0 0 1
997 7 8 4 3 5 6 4 6 7 5 4 5 6 7 8 3 4 5 6 5 6 7 8 7 6 7 6 5 4 3 2 1 0 0 0 0 0 0 0 0 1
997 7 8 4 3 5 6 4 6 7 5 4 5 6 7 8 3 4 5 6 5 6 7 8 7 6 7 6 5 4 3 2 1 0 0 0 0 0 0 0 0 1
997 7 8 4 3 5 6 4 6 7 5 4 5 6 7 8 3 4 5 6 5 6 7 8 7 6 7 6 5 4 3 2 1 0 0 0 0 0 0 0 0 1
997 7 8 4 3 5 6 4 6 7 5 4 5 6 7 8 3 4 5 6 5 6 7 8 7 6 7 6 5 4 3 2 1 0 0 0 0 0 0 0 0 1
997 7 8 4 3 5 6 4 6 7 5 4 5 6 7 8 3 4 5 6 5 6 7 8 7 6 7 6 5 4 3 2 1 0 0 0 0 0 0 0 0 1
997 7 8 4 3 5 6 4 6 7 5 4 5 6 7 8 3 4 5 6 5 6 7 8 7 6 7 6 5 4 3 2 1 0 0 0 0 0 0 0 0 1
997 7 8 4 3 5 6 4 6 7 5 4 5 6 7 8 3 4 5 6 5 6 7 8 7 6 7 6 5 4 3 2 1 0 0 0 0 0 0 0 0 1
997 7 8 4 3 5 6 4 6 7 5 4 5 6 7 8 3 4 5 6 5 6 7 8 7 6 7 6 5 4 3 2 1 0 0 0 0 0 0 0 0 1
997 7 8 4 3 5 6 4 6 7 5 4 5 6 7 8 3 4 5 6 5 6 7 8 7 6 7 6 5 4 3 2 1 0 0 0 0 0 0 0 0 1
997 7 8 4 3 5 6 4 6 7 5 4 5 6 7 8 3 4 5 6 5 6 7 8 7 6 7 6 5 4 3 2 1 0 0 0 0 0 0 0 0 1
997 7 8 4 3 5 6 4 6 7 5 4 5 6 7 8 3 4 5 6 5 6 7 8 7 6 7 6 5 4 3 2 1 0 0 0 0 0 0 0 0 1
997 7 8 4 3 5 6 4 6 7 5 4 5 6 7 8 3 4 5 6 5 6 7 8 7 6 7 6 5 4 3 2 1 0 0 0 0 0 0 0 0 1
997 7 8 4 3 5 6 4 6 7 5 4 5 6 7 8 3 4 5 6 5 6 7 8 7 6 7 6 5 4 3 2 1 0 0 0 0 0 0 0 0 1
997 7 8 4 3 5 6 4 6 7 5 4 5 6 7 8 3 4 5 6 5 6 7 8 7 6 7 6 5 4 3 2 1 0 0 0 0 0 0 0 0 1
997 7 8 4 3 5 6 4 6 7 5 4 5 6 7 8 3 4 5 6 5 6 7 8 7 6 7 6 5 4 3 2 1 0 0 0 0 0 0 0 0 1
997 7 8 4 3 5 6 4 6 7 5 4 5 6 7 8 3 4 5 6 5 6 7 8 7 6 7 6 5 4 3 2 1 0 0 0 0 0 0 0 0 1
997 7 8 4 3 5 6 4 6 7 5 4 5 6 7 8 3 4 5 6 5 6 7 8 7 6 7 6 5 4 3 2 1 0 0 0 0 0 0 0 0 1
997 7 8 4 3 5 6 4 6 7 5 4 5 6 7 8 3 4 5 6 5 6 7 8 7 6 7 6 5 4 3 2 1 0 0 0 0 0 0 0 0 1
997 7 8 4 3 5 6 4 6 7 5 4 5 6 7 8 3 4 5 6 5 6 7 8 7 6 7 6 5 4 3 2 1 0 0 0 0 0 0 0 0 1
997 7 8 4 3 5 6 4 6 7 5 4 5 6 7 8 3 4 5 6 5 6 7 8 7 6 7 6 5 4 3 2 1 0 0 0 0 0 0 0 0 1
997 7 8 4 3 5 6 4 6 7 5 4 5 6 7 8 3 4 5 6 5 6 7 8 7 6 7 6 5 4 3 2 1 0 0 0 0 0 0 0 0 1
997 7 8 4 3 5 6 4 6 7 5 4 5 6 7 8 3 4 5 6 5 6 7 8 7 6 7 6 5 4 3 2 1 0 0 0 0 0 0 0 0 1
997 7 8 4 3 5 6 4 6 7 5 4 5 6 7 8 3 4 5 6 5 6 7 8 7 6 7 6 5 4 3 2 1 0 0 0 0 0 0 0 0 1
997 7 8 4 3 5 6 4 6 7 5 4 5 6 7 8 3 4 5 6 5 6 7 8 7 6 7 6 5 4 3 2 1 0 0 0 0 0 0 0 0 1
997 7 8 4 3 5 6 4 6 7 5 4 5 6 7 8 3 4 5 6 5 6 7 8 7 6 7 6 5 4 3 2 1 0 0 0 0 0 0 0 0 1
997 7 8 4 3 5 6 4 6 7 5 4 5 6 7 8 3 4 5 6 5 6 7 8 7 6 7 6 5 4 3 2 1 0 0 0 0 0 0 0 0 1
997 7 8 4 3 5 6 4 6 7 5 4 5 6 7 8 3 4 5 6 5 6 7 8 7 6 7 6 5 4 3 2 1 0 0 0 0 0 0 0 0 1
997 7 8 4 3 5 6 4 6 7 5 4 5 6 7 8 3 4 5 6 5 6 7 8 7 6 7 6 5 4 3 2 1 0 0 0 0 0 0 0 0 1
997 7 8 4 3 5 6 4 6 7 5 4 5 6 7 8 3 4 5 6 5 6 7 8 7 6 7 6 5 4 3 2 1 0 0 0 0 0 0 0 0 1
997 7 8 4 3 5 6 4 6 7 5 4 5 6 7 8 3 4 5 6 5 6 7 8 7 6 7 6 5 4 3 2 1 0 0 0 0 0 0 0 0 1
997 7 8 4 3 5 6 4 6 7 5 4 5 6 7 8 3 4 5 6 5 6 7 8 7 6 7 6 5 4 3 2 1 0 0 0 0 0 0 0 0 1
997 7 8 4 3 5 6 4 6 7 5 4 5 6 7 8 3 4 5 6 5 6 7 8 7 6 7 6 5 4 3 2 1 0 0 0 0 0 0 0 0 1
997 7 8 4 3 5 6 4 6 7 5 4 5 6 7 8 3 4 5 6 5 6 7 8 7 6 7 6 5 4 3 2 1 0 0 0 0 0 0 0 0 1
997 7 8 4 3 5 6 4 6 7 5 4 5 6 7 8 3 4 5 6 5 6 7 8 7 6 7 6 5 4 3 2 1 0 0 0 0 0 0 0 0 1
997 7 8 4 3 5 6 4 6 7 5 4 5 6 7 8 3 4 5 6 5 6 7 8 7 6 7 6 5 4 3 2 1 0 0 0 0 0 0 0 0 1
997 7 8 4 3 5 6 4 6 7 5 4 5 6 7 8 3 4 5 6 5 6 7 8 7 6 7 6 5 4 3 2 1 0 0 0 0 0 0 0 0 1
997 7 8 4 3 5 6 4 6 7 5 4 5 6 7 8 3 4 5 6 5 6 7 8 7 6 7 6 5 4 3 2 1 0 0 0 0 0 0 0 0 1
997 7 8 4 3 5 6 4 6 7 5 4 5 6 7 8 3 4 5 6 5 6 7 8 7 6 7 6 5 4 3 2 1 0 0 0 0 0 0 0 0 1
997 7 8 4 3 5 6 4 6 7 5 4 5 6 7 8 3 4 5 6 5 6 7 8 7 6 7 6 5 4 3 2 1 0 0 0 0 0 0 0 0 1
997 7 8 4 3 5 6 4 6 7 5 4 5 6 7 8 3 4 5 6 5 6 7 8 7 6 7 6 5 4 3 2 1 0 0 0 0 0 0 0 0 1
997 7 8 4 3 5 6 4 6 7 5 4 5 6 7 8 3 4 5 6 5 6 7 8 7 6 7 6 5 4 3 2 1 0 0 0 0 0 0 0 0 1
997 7 8 4 3 5 6 4 6 7 5 4 5 6 7 8 3 4 5 6 5 6 7 8 7 6 7 6 5 4 3 2 1 0 0 0 0 0 0 0 0 1
997 7 8 4 3 5 6 4 6 7 5 4 5 6 7 8 3 4 5 6 5 6 7 8 7 6 7 6 5 4 3 2 1 0 0 0 0 0 0 0 0 1
997 7 8 4 3 5 6 4 6 7 5 4 5 6 7 8 3 4 5 6 5 6 7 8 7 6 7 6 5 4 3 2 1 0 0 0 0 0 0 0 0 1
997 7 8 4 3 5 6 4 6 7 5 4 5 6 7 8 3 4 5 6 5 6 7 8 7 6 7 6 5 4 3 2 1 0 0 0 0 0 0 0 0 1
997 7 8 4 3 5 6 4 6 7 5 4 5 6 7 8 3 4 5 6 5 6 7 8 7 6 7 6 5 4 3 2 1 0 0 0 0 0 0 0 0 1
997 7 8 4 3 5 6 4 6 7 5 4 5 6 7 8 3 4 5 6 5 6 7 8 7 6 7 6 5 4 3 2 1 0 0 0 0 0 0 0 0 1
997 7 8 4 3 5 6 4 6 7 5 4 5 6 7 8 3 4 5 6 5 6 7 8 7 6 7 6 5 4 3 2 1 0 0 0 0 0 0 0 0 1
997 7 8 4 3 5 6 4 6 7 5 4 5 6 7 8 3 4 5 6 5 6 7 8 7 6 7 6 5 4 3 2 1 0 0 0 0 0 0 0 0 1
997 7 8 4 3 5 6 4 6 7 5 4 5 6 7 8 3 4 5 6 5 6 7 8 7 6 7 6 5 4 3 2 1 0 0 0 0 0 0 0 0 1
997 7 8 4 3 5 6 4 6 7 5 4 5 6 7 8 3 4 5 6 5 6 7 8 7 6 7 6 5 4 3 2 1 0 0 0 0 0 0 0 0 1
997 7 8 4 3 5 6 4 6 7 5 4 5 6 7 8 3 4 5 6 5 6 7 8 7 6 7 6 5 4 3 2 1 0 0 0 0 0 0 0 0 1
997 7 8 4 3 5 6 4 6 7 5 4 5 6 7 8 3 4 5 6 5 6 7 8 7 6 7 6 5 4 3 2 1 0 0 0 0 0 0 0 0 1
997 7 8 4 3 5 6 4 6 7 5 4 5 6 7 8 3 4 5 6 5 6 7 8 7 6 7 6 5 4 3 2 1 0 0 0 0 0 0 0 0 1
997 7 8 4 3 5 6 4 6 7 5 4 5 6 7 8 3 4 5 6 5 6 7 8 7 6 7 6 5 4 3 2 1 0 0 0 0 0 0 0 0 1
997 7 8 4 3 5 6 4 6 7 5 4 5 6 7 8 3 4 5 6 5 6 7 8 7 6 7 6 5 4 3 2 1 0 0 0 0 0 0 0 0 1
997 7 8 4 3 5 6 4 6 7 5 4 5 6 7 8 3 4 5 6 5 6 7 8 7 6 7 6 5 4 3 2 1 0 0 0 0 0 0 0 0 1
997 7 8 4 3 5 6 4 6 7 5 4 5 6 7 8 3 4 5 6 5 6 7 8 7 6 7 6 5 4 3 2 1 0 0 0 0 0 0 0 0 1
997 7 8 4 3 5 6 4 6 7 5 4 5 6 7 8 3 4 5 6 5 6 7 8 7 6 7 6 5 4 3 2 1 0 0 0 0 0 0 0 0 1
997 7 8 4 3 5 6 4 6 7 5 4 5 6 7 8 3 4 5 6 5 6 7 8 7 6 7 6 5 4 3 2 1 0 0 0 0 0 0 0 0 1
997 7 8 4 3 5 6 4 6 7 5 4 5 6 7 8 3 4 5 6 5 6 7 8 7 6 7 6 5 4 3 2 1 0 0 0 0 0 0 0 0 1
997 7 8 4 3 5 6 4 6 7 5 4 5 6 7 8 3 4 5 6 5 6 7 8 7 6 7 6 5 4 3 2 1 0 0 0 0 0 0 0 0 1
997 7 8 4 3 5 6 4 6 7 5 4 5 6 7 8 3 4 5 6 5 6 7 8 7 6 7 6 5 4 3 2 1 0 0 0 0 0 0 0 0 1
997 7 8 4 3 5 6 4 6 7 5 4 5 6 7 8 3 4 5 6 5 6 7 8 7 6 7 6 5 4 3 2 1 0 0 0 0 0 0 0 0 1
997 7 8 4 3 5 6 4 6 7 5 4 5 6 7 8 3 4 5 6 5 6 7 8 7 6 7 6 5 4 3 2 1 0 0 0 0 0 0 0 0 1
997 7 8 4 3 5 6 4 6 7 5 4 5 6 7 8 3 4 5 6 5 6 7 8 7 6 7 6 5 4 3 2 1 0 0 0 0 0 0 0 0 1
997 7 8 4 3 5 6 4 6 7 5 4 5 6 7 8 3 4 5 6 5 6 7 8 7 6 7 6 5 4 3 2 1 0 0 0 0 0 0 0 0 1
997 7 8 4 3 5 6 4 6 7 5 4 5 6 7 8 3 4 5 6 5 6 7 8 7 6 7 6 5 4 3 2 1 0 0 0 0 0 0 0 0 1
997 7 8 4 3 5 6 4 6 7 5 4 5 6 7 8 3 4 5 6 5 6 7 8 7 6 7 6 5 4 3 2 1 0 0 0 0 0 0 0 0 1